8.506278871224561000e-02
8.124392575294120400e-02
7.718681976957438018e-02
7.370413512228603248e-02
7.091270215135328514e-02
6.932260729676820166e-02
6.792429643211124468e-02
6.700936561018808191e-02
6.641475308846923886e-02
6.557467174383962982e-02
6.501616570293070052e-02
6.452477697753590535e-02
6.375473320066987748e-02
6.313456763489262713e-02
6.230926722102646947e-02
6.122650510367733112e-02
6.056646938449514878e-02
6.033163104049054509e-02
6.021248309812649718e-02
6.021266115770800009e-02
6.023266887756439925e-02
5.934511280676595807e-02
5.860216880247326454e-02
5.794641561666780821e-02
5.755490359190035959e-02
5.697194351563170805e-02
5.699937103271232597e-02
5.661160571554583326e-02
5.658924234171244100e-02
5.613803976057948897e-02
5.590529840899898656e-02
5.544894676297252439e-02
5.511325531548408319e-02
5.449257036260053005e-02
5.397975310931132226e-02
5.351104979353599189e-02
5.295747084806286253e-02
5.268748900270933677e-02
5.231653295950734750e-02
5.199121339706194028e-02
5.119548727083770429e-02
5.064025772430465200e-02
5.029359906846023187e-02
4.999533956718048289e-02
4.981833680539500542e-02
4.956065508003151127e-02
4.912029835036689496e-02
4.934197929970422086e-02
4.943863119661675437e-02
4.962742220547244204e-02
4.931007797572586199e-02
4.924174277944079470e-02
4.892933393834152794e-02
4.891771809705435653e-02
4.848443501204405953e-02
4.855395157727939587e-02
4.837564081163751167e-02
4.836345549120345255e-02
4.818301434906357983e-02
4.790809563737929988e-02
4.772033989177561220e-02
4.731993764161972205e-02
4.679941760591659755e-02
4.643542689853484562e-02
4.617584980197883548e-02
4.567820437337451883e-02
4.523060193328997530e-02
4.493659494991101427e-02
4.439385871279506734e-02
4.428682978827433447e-02
4.421792853454433597e-02
4.403658580804712536e-02
4.411562037073601256e-02
4.422107820740841383e-02
4.466597569905848136e-02
4.536720847995362460e-02
4.584915049817660238e-02
4.575693601947620343e-02
4.496534700375065530e-02
4.437448366338030831e-02
4.386348594774613224e-02
4.373475952320465127e-02
4.384787784207289790e-02
4.399594499589549318e-02
4.423070833100725685e-02
4.424269733993701353e-02
4.394609585222776504e-02
4.400670712023754122e-02
4.373705887673760145e-02
4.360913467898704099e-02
4.364245086153192149e-02
4.370779354985977749e-02
4.384554391984239047e-02
4.394821034769732376e-02
4.419824629439550456e-02
4.434559934555973304e-02
4.458309678852788449e-02
4.519844356851019512e-02
4.546953059792156054e-02
4.586909403632950799e-02
4.597548229523326646e-02
4.601187247601410540e-02
4.598482933381869975e-02
4.582656866346008356e-02
4.549049127737035680e-02
4.537601411148917130e-02
4.528145429110730369e-02
4.556146240910179807e-02
4.536010510958430469e-02
4.517442150469387629e-02
4.440363955322275402e-02
4.358251146100138029e-02
4.259034751991423035e-02
4.208907066696539884e-02
4.185436126097004383e-02
4.162137787927334964e-02
4.141985637228557532e-02
4.158668804209723902e-02
4.114189395386630421e-02
4.098042916389683238e-02
4.079631058521591969e-02
4.060908137499880804e-02
4.039442614935712800e-02
4.007604852920219202e-02
3.979549737531760251e-02
3.981290111882505173e-02
3.990384020050512931e-02
3.996125932992383722e-02
4.050052897452816741e-02
4.098241960150304092e-02
4.138195220254360651e-02
4.155303588762156164e-02
4.162458930980049432e-02
4.208101815507230697e-02
4.252593389805312679e-02
4.289314841446974225e-02
4.343935934532767301e-02
4.359575321495091915e-02
4.414070242377531039e-02
4.417234486073911420e-02
4.390398939130043393e-02
4.390317550942295782e-02
4.375789106024038227e-02
4.356987574459913332e-02
4.315015350415932899e-02
4.282674947106177715e-02
4.243880417936633787e-02
4.215779384797883195e-02
4.215150707559096183e-02
4.195961670978062830e-02
4.191570455747778423e-02
4.193994531266220099e-02
4.243096392065871109e-02
4.262251971530047617e-02
4.299205874305067621e-02
4.353691265674006217e-02
4.408659275568817953e-02
4.438805697237810377e-02
4.455834631666900914e-02
4.469725339179460993e-02
4.474372397583052663e-02
4.462205249948074381e-02
4.445450119550349577e-02
4.452963581459298825e-02
4.467673997772445699e-02
4.453323972336945685e-02
4.398391632436546989e-02
4.323524974483624467e-02
4.254312454144399541e-02
4.190075471293552151e-02
4.131963440118982533e-02
4.091276881030063428e-02
4.057256712688840639e-02
4.021679418738944439e-02
4.005150982174184027e-02
3.988045960435933346e-02
3.957032910127802894e-02
3.943012669543819598e-02
3.933367254375345901e-02
3.928150846376981392e-02
3.940234648607734286e-02
3.933587521858948610e-02
3.949376249824269186e-02
3.944205382918824360e-02
3.940439870920896953e-02
3.925317879184852393e-02
3.938109935471306028e-02
3.934194109161483210e-02
3.920637179534156025e-02
3.917115132919321563e-02
3.975152927902844691e-02
4.049139051777134179e-02
4.158055858124244664e-02
4.246518735300758990e-02
4.318893596534733453e-02
4.329637020134487202e-02
4.304056356324206800e-02
4.240206675418425886e-02
4.161227139976815537e-02
4.039937751725709153e-02
3.944492825979659806e-02
3.838672042393582312e-02
3.742884085491785667e-02
3.664212958146961796e-02
3.618636424698542381e-02
3.567955413091326161e-02
3.511806037569596695e-02
3.451326758455311450e-02
3.426596028973403346e-02
3.396850788251002534e-02
3.370395548162168076e-02
3.360889174168881638e-02
3.368850383798319831e-02
3.358195117525270001e-02
3.357646866274758418e-02
3.376137215042279704e-02
3.390968007417370644e-02
3.416138527605037251e-02
3.445178562467882816e-02
3.476425974989935663e-02
3.494820451501109981e-02
3.532128120775027136e-02
3.589124187206935157e-02
3.598435903983087519e-02
3.655610792308019302e-02
3.710329847394540359e-02
3.767223784739614362e-02
3.814571687352025925e-02
3.888276948814670120e-02
3.966079463337970901e-02
4.024221499759628173e-02
4.043659042332405085e-02
4.080670332325045391e-02
4.097055849863382587e-02
4.098465212407855635e-02
4.117610980306955770e-02
4.151366717677291984e-02
4.205813032521295292e-02
4.244944581259140620e-02
4.272207890789232743e-02
4.336339338543402505e-02
4.359381071650814815e-02
4.412969807867397204e-02
4.458556678126994466e-02
4.498533350397510705e-02
4.527495092189262604e-02
4.565186308938635334e-02
4.578031545758141918e-02
4.592409466110471822e-02
4.598626619885609612e-02
4.589876360624164237e-02
4.556843256190148961e-02
4.533173328820935821e-02
4.483631451264290940e-02
4.421695926734126036e-02
4.326088422135414974e-02
4.221320477315545355e-02
4.125751094838644301e-02
3.984231083031290060e-02
3.874026949822874377e-02
3.743669419830444184e-02
3.611922222073603306e-02
3.509668570062403348e-02
3.390745506978105894e-02
3.297293862758721161e-02
3.200663530002390705e-02
3.130938015305223532e-02
3.055144573139427500e-02
2.993324481345683089e-02
2.928102073054864377e-02
2.875354746907293063e-02
2.839191527022749684e-02
2.794744735604815650e-02
2.770492570511896499e-02
2.727101493977843183e-02
2.703671214249160626e-02
2.668096669489613063e-02
2.661967978730311879e-02
2.635842691828029632e-02
2.612016020937304658e-02
2.592454075084487872e-02
2.576442180621588834e-02
2.564418428889742377e-02
2.547892740170078218e-02
2.553950660990341251e-02
2.542806088579319113e-02
2.566318778551352625e-02
2.578150931390680786e-02
2.589830023074643148e-02
2.637511680286129534e-02
2.725198048994488184e-02
2.835184739038101170e-02
2.961750599095299558e-02
3.068330029641221438e-02
3.127473248942658907e-02
3.123661980305951838e-02
3.059249409663095803e-02
2.955866170234509524e-02
2.806966516265932063e-02
2.667284791662566726e-02
2.559537929634270528e-02
2.485741087346996642e-02
2.443525765828533092e-02
2.418640468695480716e-02
2.399741966698307194e-02
2.394681463103969649e-02
2.404973705099618803e-02
2.422973554098512700e-02
2.437896697021266559e-02
2.454837665178870657e-02
2.481372071755284445e-02
2.504853663871256519e-02
2.521085564441477231e-02
2.544303230277083702e-02
2.548516422884960705e-02
2.540939429539854078e-02
2.532122139519152326e-02
2.513333767258349102e-02
2.484705552427821096e-02
2.460456960994806749e-02
2.439813611614979200e-02
2.409184760685596088e-02
2.382789338634970847e-02
2.374855083400040714e-02
2.352125725582261337e-02
2.352852915806860970e-02
2.355814319799865927e-02
2.350493236021691107e-02
2.348409392245165775e-02
2.358168590526251926e-02
2.358701893409420602e-02
2.368214103924469807e-02
2.364682981389468197e-02
2.374981697429278532e-02
2.372046260927630421e-02
2.376884731647866192e-02
2.371696369720681027e-02
2.388496123212608888e-02
2.377541285014680636e-02
2.390941256201983833e-02
2.375445893820985616e-02
2.370608517922839081e-02
2.379110352060965008e-02
2.391249971920267683e-02
2.383058876451912833e-02
2.375605105881871057e-02
2.388028713194402866e-02
2.392029958620135385e-02
2.390499996958190751e-02
2.385379369600687180e-02
2.391491269747954632e-02
2.380545889177285851e-02
2.387664529516640363e-02
2.383287309986622041e-02
2.385191555868857935e-02
2.386576747632476389e-02
2.387174787004733845e-02
2.383193442546600871e-02
2.388076243546515681e-02
2.372532841025701972e-02
2.385591179852706786e-02
2.383882091378662985e-02
2.387695187705543218e-02
2.386753417608946520e-02
2.393941379115082854e-02
2.389051804842857313e-02
2.391099129205100440e-02
2.394575762909830277e-02
2.400966016310609671e-02
2.409972553243311041e-02
2.420533503949194587e-02
2.430638855529135972e-02
2.444310647545878262e-02
2.449618660363412845e-02
2.481852246582496452e-02
2.489740944234688017e-02
2.500857837170899003e-02
2.521059132380461254e-02
2.545494610429024918e-02
2.565439187184600373e-02
2.580752580791239106e-02
2.603606840544402806e-02
2.621613462921450199e-02
2.612241162177869266e-02
2.619688090315300602e-02
2.630134722865265159e-02
2.627743634169719261e-02
2.620576578779698282e-02
2.617807837156714557e-02
2.605445388940572093e-02
2.593984895459825954e-02
2.575131447251613123e-02
2.560147279078995100e-02
2.542787171292567108e-02
2.534909909299272457e-02
2.521086640793729350e-02
2.504107740048127501e-02
2.483747695300323952e-02
2.476024644626269311e-02
2.456557435038562651e-02
2.442796253295079559e-02
2.420736379279947448e-02
2.405847811285784579e-02
2.393821140460715424e-02
2.389254297952828066e-02
2.379575886084871195e-02
2.357378733634186985e-02
2.356385379020467172e-02
2.335592633990607112e-02
2.334005377222668834e-02
2.318683203395856957e-02
2.320646774565082379e-02
2.316476392015389893e-02
2.311378997564696169e-02
2.307556333591266606e-02
2.288981150385915875e-02
2.296897397876252606e-02
2.274813044762248951e-02
2.280205732285861542e-02
2.281269017121515322e-02
2.274324151232038835e-02
2.269083161066829529e-02
2.272721839214697157e-02
2.256363461192237643e-02
2.257751491286089096e-02
2.250203195533943823e-02
2.243062155414247277e-02
2.243521778847915732e-02
2.236696580113844285e-02
2.240892894496731777e-02
2.235402365944975239e-02
2.231343657518554402e-02
2.233024427865324887e-02
2.231198560750674575e-02
2.229570157193005650e-02
2.217860225059958487e-02
2.208202775013426433e-02
2.211429222420655677e-02
2.198065943991646051e-02
2.199134141639862150e-02
2.202801711382486663e-02
2.194963604974974752e-02
2.196884405871987397e-02
2.195451139520253683e-02
2.193096585893790015e-02
2.192946818284904203e-02
2.180832773949141837e-02
2.177133737923196699e-02
2.167179736053889000e-02
2.164811906795600926e-02
2.155938406003206353e-02
2.145846192364531807e-02
2.142741037839480944e-02
2.144319295458831792e-02
2.140882300140837038e-02
2.127197207330243714e-02
2.132096009607425263e-02
2.131390205568324536e-02
2.127192391961976042e-02
2.116588217388113216e-02
2.125285792995682335e-02
2.111358863081972542e-02
2.122641581625863555e-02
2.113162449375190211e-02
2.116768391686256814e-02
2.114279552406143903e-02
2.110365185192093068e-02
2.114487664148654786e-02
2.102150898390795983e-02
2.097134051151472792e-02
2.101214460705679715e-02
2.105019846812766077e-02
2.106202788916994653e-02
2.099946138593955861e-02
2.101771529270247962e-02
2.103570312696143377e-02
2.102743721902078020e-02
2.107286416608398008e-02
2.107000078407451210e-02
2.105414790505880096e-02
2.115171413549818066e-02
2.116225997837374931e-02
2.113824707905059830e-02
2.123150485130922971e-02
2.132609341794075575e-02
2.142527501792773972e-02
2.160730056081971648e-02
2.187193022508789053e-02
2.211816137526251280e-02
2.213720941088836297e-02
2.221954197705370074e-02
2.227591077061142830e-02
2.230794376910088736e-02
2.196449522272076252e-02
2.184971429652041858e-02
2.171376938243450155e-02
2.157902373004240079e-02
2.150114014735830803e-02
2.141906879432009525e-02
2.133880278160145416e-02
2.124293181748946116e-02
2.128048085982024024e-02
2.138261103497681934e-02
2.131967920329240831e-02
2.127286123164391640e-02
2.126239091715054902e-02
2.123502092066483285e-02
2.141102821659084457e-02
2.132474799331349549e-02
2.131273987469823814e-02
2.144207104573257749e-02
2.143393481672510592e-02
2.148056707396283835e-02
2.139358344850286059e-02
2.149780161144815294e-02
2.153975508140500844e-02
2.154537213633086340e-02
2.147118763618751855e-02
2.158498096655709492e-02
2.151795032683925801e-02
2.160065849730949741e-02
2.163270997291382933e-02
2.171641716122522589e-02
2.168836820623182629e-02
2.177485452136201927e-02
2.168824060733517273e-02
2.184219451219362659e-02
2.188014907194132941e-02
2.190202612110951283e-02
2.196202264426127052e-02
2.186151180883092252e-02
2.200306985382490671e-02
2.201483556843070177e-02
2.204132687347899744e-02
2.197709714724311453e-02
2.206312531698921206e-02
2.212824186311583563e-02
2.220823959247720386e-02
2.217425899921283972e-02
2.226051489807287856e-02
2.219441674847899212e-02
2.226566499716779723e-02
2.231980192737805305e-02
2.227163966291163116e-02
2.239995344596248938e-02
2.233061858583246587e-02
2.230814991818437856e-02
2.230740875959250774e-02
2.236785527943257676e-02
2.235968871797990726e-02
2.234054984813341194e-02
2.239765588896163243e-02
2.256218562875059522e-02
2.261316168853270275e-02
2.264204445283617834e-02
2.266003760001640902e-02
2.274259397020277074e-02
2.277547964678660469e-02
2.281154639847526519e-02
2.288062552456944510e-02
2.302123300368200814e-02
2.313283104478205260e-02
2.325037967556727037e-02
2.337442678076774583e-02
2.339707124064125537e-02
2.361960908534825251e-02
2.382673143131483484e-02
2.384654819828177161e-02
2.396595414894039239e-02
2.431374287145490753e-02
2.443359078301482121e-02
2.441695220516374928e-02
2.459065951335419331e-02
2.466011343151735050e-02
2.469112965013364400e-02
2.493838004333532796e-02
2.491770046389856982e-02
2.502538109190275209e-02
2.512410770040749905e-02
2.528399036562599053e-02
2.537756763473777988e-02
2.538841482629774007e-02
2.545428173958766763e-02
2.555866765393008042e-02
2.555696304915003325e-02
2.555714311717342813e-02
2.566803986434182394e-02
2.564209225072807546e-02
2.570859567739850610e-02
2.568905707322902826e-02
2.578110173129740529e-02
2.582357572486023226e-02
2.592501271031496732e-02
2.615192639696164306e-02
2.617101206128341628e-02
2.651526734938259786e-02
2.667837722531247319e-02
2.697186148724151078e-02
2.718668016106126975e-02
2.742390727846710091e-02
2.777535710269300392e-02
2.801398253771260338e-02
2.855697724940953891e-02
2.892422321398802065e-02
2.929080263341139745e-02
3.004461644412113885e-02
3.079029876903704305e-02
3.190016410153256876e-02
3.306040031312017929e-02
3.446635213626771110e-02
3.583375530650931284e-02
3.711543644884597593e-02
3.810359308812250739e-02
3.936424177350647535e-02
4.094045069191025454e-02
4.282158262829660611e-02
4.478321999263033815e-02
4.672913941388572023e-02
4.840670493903034138e-02
4.968727947321772975e-02
5.079048434325804384e-02
5.166451012116919650e-02
5.293722921372492202e-02
5.376742349061972015e-02
5.506442066726958962e-02
5.595280758248084851e-02
5.687776505212795847e-02
5.804669358781320426e-02
5.959719671884242120e-02
6.123564170332885387e-02
6.316744295152149080e-02
6.537936182342471425e-02
6.772030213213496574e-02
7.052189267911611326e-02
7.301917719364679760e-02
7.570637295102659869e-02
7.758436090327494594e-02
7.987402064451058770e-02
8.134403534148092196e-02
8.227723878362326604e-02
8.284097891608900588e-02
8.225527199313457938e-02
8.156735926499272815e-02
8.056294995371887646e-02
8.022864776256585784e-02
8.035670276055351113e-02
8.026428575085896300e-02
8.066177281041625458e-02
8.110156126394485465e-02
8.172994449620107904e-02
8.178873854327034509e-02
8.184290469226833398e-02
8.160514747420610782e-02
8.189779276978054190e-02
8.149807250502356937e-02
8.125022004155658950e-02
8.101218503610865818e-02
8.055819892445448271e-02
8.058302914500894976e-02
