8.015826186842034407e-02
7.654660223389933571e-02
7.294181252367785973e-02
7.009242547565359971e-02
6.764050826283177220e-02
6.646910171623243713e-02
6.511746698276500711e-02
6.436952780017553277e-02
6.388219540597658841e-02
6.305820321741430201e-02
6.223769569427194115e-02
6.183147536263113725e-02
6.115396117435179663e-02
6.035803521380837811e-02
5.973190655500843632e-02
5.865770183103749535e-02
5.798502197825411431e-02
5.775767925239655431e-02
5.747432690034355585e-02
5.741262463361970769e-02
5.748681973386822464e-02
5.680383771876849203e-02
5.654374623202339939e-02
5.608260950474549394e-02
5.594394236037310286e-02
5.565582625412473367e-02
5.552543580831316439e-02
5.537701313461628611e-02
5.550109652132483723e-02
5.508750509766599524e-02
5.477286718310374336e-02
5.436960747734333188e-02
5.401457968599775172e-02
5.349754880218465097e-02
5.294607859331598027e-02
5.244563544884907336e-02
5.195025417575548782e-02
5.150237751085858656e-02
5.112926244491007577e-02
5.079966040550948359e-02
5.020572165090037009e-02
4.973095179441171937e-02
4.941172617863388850e-02
4.918478018050256861e-02
4.886188659008022100e-02
4.872334459384800032e-02
4.841162260481632340e-02
4.855427420940611888e-02
4.865513651540785689e-02
4.865742115335989354e-02
4.848650236938503721e-02
4.839372878224459246e-02
4.806846708347262825e-02
4.795126456641705948e-02
4.771069638048007489e-02
4.769633316388647432e-02
4.743926293584309339e-02
4.719780258026002456e-02
4.704955365096438052e-02
4.664269792575339441e-02
4.651093105832922181e-02
4.625742715511037967e-02
4.578820046087150875e-02
4.545939187997712072e-02
4.532602192819460557e-02
4.472882638113696158e-02
4.458373794419534519e-02
4.435574713842950489e-02
4.385389588747706791e-02
4.388031670346061175e-02
4.389946896739137933e-02
4.368298170995861540e-02
4.389669731982003692e-02
4.403430763635098749e-02
4.462687903199291650e-02
4.517082569479288073e-02
4.562101184747354571e-02
4.547700167589522474e-02
4.479793740887219600e-02
4.438042233703796274e-02
4.407816833360355541e-02
4.398607842539619533e-02
4.407859064837693630e-02
4.417754368021559880e-02
4.436875214335020412e-02
4.431553526753460176e-02
4.414246761636698990e-02
4.412305109032487599e-02
4.388375703450560217e-02
4.376963363876217733e-02
4.382148018532679157e-02
4.384669410800320216e-02
4.400048933918345589e-02
4.428384163641877619e-02
4.441614894588229862e-02
4.470732995087113582e-02
4.496948172437436470e-02
4.559282862659980867e-02
4.587094446724075680e-02
4.621555879859681748e-02
4.634221352636769958e-02
4.639937203064271876e-02
4.634083616941693518e-02
4.600850367942653507e-02
4.581112464960993003e-02
4.575817613126239441e-02
4.558867356554727190e-02
4.582561645687586310e-02
4.562855473943943502e-02
4.535379605181363155e-02
4.449203963518602589e-02
4.389704090417827220e-02
4.314280818363225994e-02
4.288201318413802782e-02
4.265801028029186925e-02
4.262951130673056643e-02
4.237371097591282471e-02
4.257171382946371013e-02
4.219083816937921338e-02
4.196603753219643740e-02
4.190787198311848177e-02
4.166093293675833531e-02
4.159271114538379971e-02
4.124490305492822806e-02
4.103649995746077445e-02
4.103969740947586292e-02
4.115156454268505126e-02
4.125066070568918219e-02
4.187346332011256805e-02
4.234580935215515735e-02
4.265502273220096036e-02
4.276722897342478957e-02
4.303698539789989341e-02
4.352520029990789019e-02
4.397648242908271110e-02
4.442266096048055196e-02
4.481954331433739974e-02
4.515689458623521613e-02
4.551109648293579640e-02
4.546388453590715500e-02
4.541570192525279381e-02
4.535674503699985843e-02
4.518036782797665157e-02
4.487958107368674593e-02
4.457782075811698996e-02
4.418056447104438955e-02
4.393168020852222105e-02
4.355260456878792819e-02
4.348054270241906438e-02
4.340499609005175896e-02
4.331141854822301990e-02
4.339772558676204678e-02
4.383404208932152601e-02
4.385267030924810960e-02
4.429309023165910186e-02
4.458584627018690599e-02
4.490803693341800795e-02
4.504634601180061010e-02
4.508798738344343970e-02
4.522961313261080613e-02
4.537619741987669597e-02
4.512048523198548822e-02
4.503758917767616832e-02
4.508611292539866505e-02
4.505612794497437096e-02
4.479986115161505716e-02
4.430641957287082683e-02
4.356393666238218831e-02
4.308096122103298453e-02
4.249188117945202486e-02
4.198176445432746928e-02
4.166391786394111479e-02
4.152245147346286108e-02
4.132838744806326126e-02
4.127736844802248894e-02
4.101278735202279480e-02
4.062719867232504611e-02
4.055588561646997908e-02
4.045784319047857069e-02
4.014743102738115715e-02
4.009582780137492530e-02
3.992465436242857713e-02
3.992687361503404614e-02
3.982905975125434345e-02
3.991305759553009924e-02
3.971008465597775094e-02
3.995075053399204518e-02
4.003686691872952036e-02
4.009717709358146670e-02
4.029860285046978075e-02
4.104975943784409942e-02
4.182885399835597345e-02
4.274479831899054977e-02
4.330236126402093461e-02
4.382885146139443855e-02
4.384884835375007367e-02
4.361984167908804222e-02
4.312933789990019279e-02
4.255115065307529809e-02
4.150835143400836286e-02
4.063099654316634779e-02
3.970763588484486212e-02
3.892037102579855995e-02
3.823941243568861753e-02
3.775037800944299610e-02
3.743785825647109183e-02
3.682323014194112398e-02
3.630470699829840137e-02
3.613646723879210959e-02
3.590685246403958059e-02
3.574234313062824714e-02
3.555504645357547566e-02
3.577110012026265412e-02
3.573482859369350728e-02
3.577027547288694903e-02
3.597291825534153220e-02
3.610748159397991069e-02
3.637967440538054237e-02
3.656918400901913030e-02
3.691577622775071149e-02
3.728040066785394402e-02
3.756209530780504208e-02
3.798346413874058303e-02
3.815010787908675732e-02
3.865311031065422204e-02
3.907381553609039215e-02
3.968742303775223829e-02
4.023030172610629618e-02
4.076157573962529285e-02
4.131996822436952155e-02
4.174772978957180108e-02
4.194313037694349239e-02
4.204799831658471987e-02
4.235627074681833082e-02
4.248885876398519196e-02
4.286082563049466165e-02
4.321736028419093795e-02
4.390523225157568626e-02
4.441768834499278118e-02
4.476092426107555755e-02
4.542891917290520915e-02
4.577424119241160078e-02
4.606260831717227944e-02
4.658074943063547635e-02
4.686162804891368799e-02
4.717210246039685306e-02
4.761478372517320007e-02
4.749286092229932504e-02
4.768389781858145549e-02
4.765675903700583582e-02
4.757170106131494020e-02
4.740057000023775030e-02
4.711364206046572689e-02
4.665730748436707626e-02
4.614677851890475885e-02
4.520796105219332395e-02
4.408611497101132259e-02
4.305657975989777425e-02
4.159734417563348136e-02
4.047478867639727612e-02
3.915645371992151902e-02
3.804247390961906783e-02
3.686357346399980056e-02
3.580362680039217427e-02
3.477051083200365100e-02
3.396572898268868101e-02
3.314887015360358513e-02
3.245290586495563900e-02
3.189358328004381765e-02
3.134595215115915101e-02
3.084040474548314231e-02
3.036022073758118389e-02
2.999067430931249417e-02
2.967821444536770936e-02
2.934343118078783230e-02
2.911444285120497188e-02
2.878269924534164123e-02
2.870169159477169510e-02
2.839554780521443347e-02
2.808164924805451115e-02
2.804506507458652195e-02
2.780178640871364820e-02
2.768105919016280655e-02
2.755862004719378949e-02
2.754125373169138621e-02
2.755063704218711426e-02
2.762388449541867269e-02
2.780743438684884009e-02
2.800214499725933032e-02
2.848639366298004114e-02
2.936422856741890616e-02
3.058737121166757791e-02
3.144420061900216057e-02
3.222628304692669310e-02
3.269847093556148970e-02
3.246290261448712966e-02
3.180094231037899899e-02
3.068368451932339605e-02
2.926613369279460961e-02
2.802348629540483971e-02
2.718345905194023693e-02
2.654166729390805557e-02
2.608401485600813502e-02
2.593621654753448802e-02
2.581428400503668272e-02
2.581288838409826272e-02
2.593305857083732721e-02
2.601797633399529144e-02
2.619344605041290866e-02
2.639085378300259216e-02
2.660769295756783281e-02
2.675893745974498514e-02
2.690991324631331408e-02
2.713067490844560045e-02
2.700260176011727575e-02
2.698420436256189492e-02
2.695834488752037184e-02
2.674724863171392894e-02
2.647536733263067613e-02
2.616630563654204905e-02
2.596693544857491681e-02
2.570081407394453690e-02
2.558237793714035133e-02
2.539455843297888302e-02
2.526679761137858374e-02
2.519419113891904066e-02
2.527777726806182401e-02
2.514054702446278516e-02
2.520362854405730491e-02
2.531949615002685935e-02
2.525844947080226055e-02
2.533493856335355954e-02
2.526296639772393493e-02
2.538390793841240403e-02
2.541356628390259442e-02
2.539930340220619351e-02
2.530228376761401929e-02
2.553030494005988776e-02
2.540150572622119213e-02
2.550337553075474745e-02
2.534952993185227155e-02
2.532834184539711764e-02
2.543256710784240829e-02
2.551976426442663717e-02
2.541077654550622650e-02
2.543738798342695326e-02
2.538345270241477991e-02
2.548623649324351786e-02
2.547919499762926060e-02
2.550329555860478270e-02
2.545542654008662448e-02
2.538910087954562508e-02
2.546380355523363004e-02
2.540459873259445431e-02
2.540667900225100639e-02
2.541077600868014985e-02
2.536029683861790868e-02
2.533307684301431065e-02
2.541207351403770853e-02
2.521908681339092573e-02
2.534504896955459483e-02
2.532026947069910758e-02
2.537623408582198592e-02
2.531635080243343702e-02
2.534033918588880427e-02
2.528837842239263500e-02
2.532085996297575234e-02
2.531150391238741471e-02
2.537875964847530891e-02
2.549038695429423074e-02
2.561252946468016781e-02
2.559662112937917053e-02
2.578767044558081048e-02
2.577623526157513806e-02
2.601342886523302922e-02
2.612291376150649783e-02
2.631799341978529813e-02
2.647619845537632285e-02
2.664735263895051318e-02
2.682478439917311205e-02
2.704991485917936783e-02
2.724524502345217550e-02
2.734693772538508705e-02
2.725992785730545903e-02
2.729822164119774866e-02
2.738300953812035712e-02
2.735973299854792956e-02
2.732569628681608132e-02
2.712699633375801472e-02
2.702823639350432003e-02
2.702924011706562060e-02
2.679782126045158336e-02
2.658803340591518738e-02
2.653396475486927142e-02
2.640470561385888440e-02
2.618466386737135221e-02
2.611221683480682842e-02
2.576194061948893291e-02
2.575089410218767139e-02
2.551186104991308781e-02
2.548739528370414995e-02
2.522783679978317026e-02
2.500870493930471006e-02
2.495632805919938482e-02
2.482164681464946523e-02
2.467226758059661712e-02
2.449498754498145164e-02
2.453697128830371194e-02
2.428596718663029314e-02
2.427319675422778128e-02
2.412991750471634583e-02
2.403632371906674198e-02
2.404469866442063286e-02
2.408424718210288792e-02
2.398589821759218241e-02
2.372682245947205573e-02
2.389842832184146254e-02
2.370683094347502892e-02
2.367968236645629984e-02
2.363399397598936816e-02
2.365642639031942385e-02
2.354626692234768406e-02
2.351308715505976560e-02
2.338350663138072383e-02
2.336695995066104259e-02
2.332191241628406297e-02
2.331461818977624209e-02
2.318929565141866767e-02
2.318517725840808091e-02
2.316154269199597118e-02
2.316777623413679085e-02
2.306399200007061903e-02
2.318851020894257750e-02
2.305449224591899285e-02
2.299015149969308239e-02
2.293897816476489146e-02
2.283011679239885933e-02
2.287213438494229562e-02
2.275439262577031926e-02
2.272260543542575090e-02
2.274213421359552734e-02
2.267822861976473425e-02
2.270416417618590157e-02
2.265076485008506862e-02
2.259937293536050731e-02
2.257252026298442113e-02
2.247943819664972517e-02
2.236451027246662976e-02
2.234036624611099656e-02
2.231991674356388622e-02
2.222220524973037709e-02
2.216999279821220067e-02
2.213382742683872931e-02
2.209352834102735336e-02
2.204020826397798394e-02
2.189457831690676259e-02
2.198261480487823105e-02
2.196798632218761177e-02
2.190299413125183434e-02
2.193539078959212338e-02
2.194448272975363726e-02
2.182737072685525873e-02
2.189224201918972545e-02
2.185269841096398533e-02
2.186656349514321668e-02
2.182166588494594689e-02
2.176703593892988231e-02
2.173453687992830952e-02
2.163083511030699374e-02
2.166268623518243300e-02
2.169336800988277275e-02
2.162070939261154234e-02
2.159038281537895357e-02
2.161264834914395500e-02
2.160157495491294918e-02
2.157275521068622443e-02
2.165808372309391966e-02
2.158788544581505264e-02
2.161142418805295576e-02
2.162412362934204232e-02
2.168564785093248654e-02
2.173598363128505587e-02
2.170540976532728261e-02
2.176637736932026876e-02
2.180779912315815999e-02
2.198379264904896588e-02
2.205589041745211615e-02
2.234883842278313076e-02
2.253988039001837002e-02
2.259308694552722430e-02
2.260831858760297547e-02
2.269669412607102851e-02
2.261493636068446708e-02
2.240702195940161984e-02
2.219348658016335324e-02
2.212733436313978064e-02
2.190270973410256630e-02
2.188750377016440013e-02
2.183820417458248730e-02
2.170517130837887679e-02
2.171961829787910636e-02
2.172724319795495476e-02
2.175588852420838604e-02
2.169833377237212826e-02
2.167523878192922915e-02
2.163306667295809144e-02
2.165944830891215062e-02
2.174938416300085942e-02
2.173640146177635221e-02
2.169661602263603384e-02
2.172121708688428202e-02
2.174867412080645074e-02
2.182740129679397803e-02
2.181732570914468941e-02
2.185476128419863023e-02
2.184676592133309378e-02
2.184839016081399979e-02
2.184920316644251015e-02
2.188880478468853419e-02
2.191601516448715009e-02
2.192022436726747195e-02
2.195106165917475038e-02
2.198282797729530710e-02
2.205946953948368164e-02
2.207498095614175357e-02
2.210273131563350243e-02
2.215039590839265951e-02
2.221871237312531694e-02
2.222742422074763802e-02
2.229028454620406163e-02
2.224968834716668786e-02
2.228603240320664244e-02
2.233945116723742158e-02
2.234779370660877271e-02
2.234012685523067629e-02
2.240863602374852659e-02
2.246320767343051514e-02
2.251433117864395234e-02
2.248729671525614635e-02
2.253114862811171626e-02
2.250982958499801040e-02
2.261668650709797515e-02
2.259309024169923324e-02
2.260426099568694017e-02
2.270221031001564901e-02
2.264559913331577398e-02
2.258862599060067547e-02
2.263625746099809030e-02
2.261508388444773837e-02
2.265275519753088065e-02
2.267395426837779879e-02
2.272755514816285002e-02
2.281384669166452994e-02
2.288215037385574191e-02
2.296181130978150464e-02
2.288728032517364439e-02
2.299332473256809548e-02
2.298631742079293785e-02
2.311888506771280632e-02
2.322091259276629766e-02
2.332530859424277944e-02
2.336966331699131053e-02
2.352363095133325199e-02
2.365633662525721409e-02
2.366070663448441649e-02
2.382483320739474733e-02
2.401597933415366634e-02
2.415167453576962456e-02
2.419242731339368846e-02
2.447362970636016155e-02
2.465992328273721584e-02
2.465737688714351311e-02
2.489208909088666891e-02
2.490458931598428169e-02
2.491100450087090079e-02
2.514945296681981440e-02
2.510009005966942763e-02
2.516693978806203505e-02
2.528228728509976722e-02
2.531726483650948920e-02
2.553152539939956139e-02
2.554096916424807018e-02
2.558332302107382134e-02
2.556558643959554525e-02
2.565812406945794030e-02
2.568503844001495187e-02
2.575272501566103905e-02
2.574592185140133979e-02
2.576411643893387199e-02
2.572196881754793690e-02
2.586932634953378884e-02
2.594082601694601767e-02
2.599282723895010583e-02
2.617753649665732762e-02
2.623590429084628889e-02
2.654642255932666839e-02
2.672000229763372980e-02
2.694866128773249978e-02
2.722051192815784157e-02
2.746137892420266041e-02
2.769549996711665948e-02
2.797248506640991408e-02
2.849483059721276065e-02
2.887156687244442008e-02
2.930287359365504538e-02
3.015694021937001881e-02
3.111327018795904606e-02
3.234164913604752056e-02
3.357153963698439325e-02
3.505096008774870320e-02
3.640723421083459643e-02
3.750661837675711013e-02
3.850139175092184146e-02
3.971004147643299176e-02
4.120554575499282141e-02
4.290552387654838346e-02
4.474118588566609878e-02
4.652745030017645111e-02
4.797219931953251859e-02
4.932083201951779211e-02
5.034882533234986968e-02
5.114514534910981347e-02
5.225750780664493306e-02
5.298909672831305512e-02
5.409293040603032482e-02
5.480092300046270765e-02
5.583000530181730231e-02
5.689886386150629777e-02
5.824483055010671456e-02
5.994504150264913511e-02
6.151403966511771737e-02
6.341377073518318641e-02
6.537327112380672545e-02
6.793329746752437004e-02
6.996792579947892776e-02
7.230263253693265668e-02
7.380873956589696638e-02
7.579492670772836060e-02
7.696539847996665407e-02
7.752533693419036420e-02
7.781628838760069888e-02
7.720605534994107177e-02
7.669031171609382025e-02
7.560501062978439157e-02
7.535268418845895988e-02
7.550803758103376284e-02
7.544586040264106286e-02
7.552051899285404379e-02
7.591746412034956759e-02
7.636037474304845085e-02
7.639610444003058776e-02
7.645473163881906509e-02
7.664363902810317208e-02
7.712017712092220090e-02
7.702597479717505913e-02
7.716922866600656183e-02
7.727711838105791320e-02
7.736727757075860523e-02
7.783176483880310803e-02
