6.865388330579805243e-02
6.547827102742075078e-02
6.249478874736540124e-02
6.048234876473023575e-02
5.858319001798503040e-02
5.739679862606538591e-02
5.642302008604959535e-02
5.583418154275355400e-02
5.575936704167511193e-02
5.540422882226680307e-02
5.508724688029544708e-02
5.469362185938157761e-02
5.361175680794260517e-02
5.245168224904833698e-02
5.126605031715002203e-02
5.012743298910639356e-02
4.950036987143432987e-02
4.925218341911129921e-02
4.896566660707554752e-02
4.862004112042223047e-02
4.850778640692099408e-02
4.793548363411581636e-02
4.784032060937385561e-02
4.775378377520716339e-02
4.788760004735044540e-02
4.787072985639242301e-02
4.796384372380466110e-02
4.794342803387382362e-02
4.820911169849668304e-02
4.820804594274512994e-02
4.819801810292258237e-02
4.836383409620301915e-02
4.839433498507716980e-02
4.825883740792936277e-02
4.837070110136825613e-02
4.822897624605840955e-02
4.804507959636871578e-02
4.779418467342903126e-02
4.755023457257730873e-02
4.730943362314443679e-02
4.688982689419139011e-02
4.661632696517111624e-02
4.653442213926915760e-02
4.644211038382470985e-02
4.625322013306448765e-02
4.611588584346235781e-02
4.586367960262493354e-02
4.598461132471316770e-02
4.597147743182433688e-02
4.590136458833191102e-02
4.579641431144301084e-02
4.582886693919980409e-02
4.574590653920112410e-02
4.558290394339105378e-02
4.536420598116211456e-02
4.517732403820955145e-02
4.479314230593063606e-02
4.454194472750960809e-02
4.421972585134673756e-02
4.374166434811092852e-02
4.342451321942487896e-02
4.314161279125366261e-02
4.274160710987794792e-02
4.255844111317267503e-02
4.243630597056960441e-02
4.211113792286127339e-02
4.224556851393517637e-02
4.227254813353071433e-02
4.181944268508325929e-02
4.181241101297372698e-02
4.167624411188875638e-02
4.147134077425286558e-02
4.184402327935449195e-02
4.214206691563905649e-02
4.285826220145236287e-02
4.352641515737282890e-02
4.367043024639419985e-02
4.353046415626024568e-02
4.316957139314385461e-02
4.309397635571524110e-02
4.314954177648003264e-02
4.331330874869553788e-02
4.347894424822553588e-02
4.353398106390884287e-02
4.376047218258873051e-02
4.384479164418067509e-02
4.389571074125509648e-02
4.419076402771723866e-02
4.435180201097736752e-02
4.495676472189921724e-02
4.551958166583804088e-02
4.601269640793393539e-02
4.653605473654107844e-02
4.704586810379764172e-02
4.741530406882755316e-02
4.792955116881585098e-02
4.794959375461170514e-02
4.847073642131759230e-02
4.835107777617190378e-02
4.811813898601891709e-02
4.793264209074084986e-02
4.759371112239911550e-02
4.745573166402889537e-02
4.728291526676663137e-02
4.747596467275586041e-02
4.780824927521837991e-02
4.801025326194218595e-02
4.816501690143995540e-02
4.760201830217945101e-02
4.688727237154606542e-02
4.587144414720897845e-02
4.530528122423661125e-02
4.500813168220589577e-02
4.515125981906012442e-02
4.502167662082037086e-02
4.443274558614548897e-02
4.301776614975935664e-02
4.184816327389739160e-02
4.013457869014334933e-02
3.897514084292012793e-02
3.805309615918084365e-02
3.731744727711987231e-02
3.683034914432904705e-02
3.649142005234726899e-02
3.634353838683893750e-02
3.652353778728291422e-02
3.684240542951229547e-02
3.707706198967071487e-02
3.756564947833149204e-02
3.800008305505964135e-02
3.818230807043947878e-02
3.846730412584477982e-02
3.875422272429653037e-02
3.924336394426901353e-02
3.973765740279422420e-02
4.024493942985307715e-02
4.058733063990586226e-02
4.090747899038858076e-02
4.155255902642542715e-02
4.179566454399121639e-02
4.221343594515670344e-02
4.265172499001283757e-02
4.291853177492606364e-02
4.328931338294293718e-02
4.306073053115125338e-02
4.274107567134548952e-02
4.215899222368848370e-02
4.163731295950958561e-02
4.153921722877035316e-02
4.150084027510751727e-02
4.190880995041349616e-02
4.258999131351975248e-02
4.393360070676755741e-02
4.468189278138247345e-02
4.558359916759476688e-02
4.578393315230390448e-02
4.568105639528606543e-02
4.524384385279577037e-02
4.460160678190944888e-02
4.390767155022791413e-02
4.351048799370083736e-02
4.307063786311699644e-02
4.286027895750238459e-02
4.266977608242180503e-02
4.237994978269071789e-02
4.199153079924550225e-02
4.135888029806878557e-02
4.071207495511994234e-02
4.036136779086298143e-02
4.009236059657173695e-02
3.963222598344184194e-02
3.932413258361187186e-02
3.884582120462885813e-02
3.829674141240049096e-02
3.790945177633624902e-02
3.727125678384022450e-02
3.682976852113893640e-02
3.657097635336709063e-02
3.643194291882465713e-02
3.631775781287503724e-02
3.640411446217634017e-02
3.626670859245038209e-02
3.646949489125060617e-02
3.664312662992119662e-02
3.696391837364345484e-02
3.735117636883877879e-02
3.814978530043768717e-02
3.939283881888995531e-02
4.109995498268900066e-02
4.323440495991771881e-02
4.541566257605544193e-02
4.676157580043815987e-02
4.743504165663599975e-02
4.716042489909816338e-02
4.660035274931854932e-02
4.560984460625915060e-02
4.450928291808952525e-02
4.294566037790609886e-02
4.102489290246304904e-02
3.873300514846251402e-02
3.660466556969826923e-02
3.464399497742891992e-02
3.302419022565196427e-02
3.171382321239286928e-02
3.082647194723546480e-02
3.011974855758323827e-02
2.951771551536602062e-02
2.902891340670995732e-02
2.873833771275901422e-02
2.842260765081943558e-02
2.816527758642487292e-02
2.792660073413217800e-02
2.798167020863452648e-02
2.791044511546398807e-02
2.784988380707524927e-02
2.804571591317073925e-02
2.813389395903148973e-02
2.830895966246739850e-02
2.844968663508447640e-02
2.869511581286112237e-02
2.894347838811901427e-02
2.917834029710780069e-02
2.956137106799572312e-02
2.958800429314307340e-02
3.002097441266356193e-02
3.051135437512682985e-02
3.105270195376975614e-02
3.171682264145537361e-02
3.246226149431714197e-02
3.326325708809576426e-02
3.372925515006458541e-02
3.373928794651586544e-02
3.361741595296625917e-02
3.340054644937351380e-02
3.311191856658627503e-02
3.304455058606446671e-02
3.299818966743982285e-02
3.320736461609700291e-02
3.334991507642726810e-02
3.337572535453549316e-02
3.368822438119047080e-02
3.382054508050490876e-02
3.404296606092969274e-02
3.441807178044049842e-02
3.466254816871078281e-02
3.518655680775055472e-02
3.603458778211212493e-02
3.675431525192928567e-02
3.804081758973499455e-02
3.914373673005266951e-02
3.964895877398918328e-02
3.928246170823623123e-02
3.830095375139062203e-02
3.671682982862492506e-02
3.525426953139768060e-02
3.367817072370388881e-02
3.243335851421146054e-02
3.129646136755589308e-02
3.000034895847738386e-02
2.896354879475278310e-02
2.802263321326464371e-02
2.715300567370978330e-02
2.649587329405097419e-02
2.583492376169328752e-02
2.517727331107313948e-02
2.471000460948105659e-02
2.426129655554417480e-02
2.397301391500027135e-02
2.366150683644345151e-02
2.330180514531175404e-02
2.314379602549341414e-02
2.303196902513305125e-02
2.291059205911820384e-02
2.292878746831255796e-02
2.279600517391953962e-02
2.283522242183379930e-02
2.243216828090548870e-02
2.243873690519328917e-02
2.209381485386593610e-02
2.178725191116202831e-02
2.163185153090953217e-02
2.146099541945643494e-02
2.143339449560174512e-02
2.133260938465611142e-02
2.141362172560586433e-02
2.147832648541981790e-02
2.163826465593351317e-02
2.189306863516182408e-02
2.227599864473963145e-02
2.294596129303662010e-02
2.390278388464365383e-02
2.507036322046515484e-02
2.595336609411367373e-02
2.650535223642332128e-02
2.660407879554550423e-02
2.598284467312452634e-02
2.501343398759286324e-02
2.384699527808754882e-02
2.267037769064991423e-02
2.173645104614762777e-02
2.117784039671563590e-02
2.077268153415286547e-02
2.058464072524534075e-02
2.051645465161741275e-02
2.045008745994837326e-02
2.049816164975752988e-02
2.061856246158435754e-02
2.080603133978017882e-02
2.104532404994641573e-02
2.126837011668473651e-02
2.150457318564270165e-02
2.173689568826744217e-02
2.186458986157400683e-02
2.202068424329852933e-02
2.191789264662750980e-02
2.171196142659575362e-02
2.166615619294934639e-02
2.137640979533362087e-02
2.107179572031827111e-02
2.079027824758768878e-02
2.066022316730769040e-02
2.046339948069272885e-02
2.033268119362127008e-02
2.026494343529726752e-02
2.019436754063487147e-02
2.014523002955404332e-02
2.010162922083483586e-02
2.010999510895207509e-02
2.016505709752734743e-02
2.018450148814911541e-02
2.015785724902658185e-02
2.028200428843053918e-02
2.021450865807908337e-02
2.027449028777441459e-02
2.026445623404486002e-02
2.026815265753856635e-02
2.019554219169053880e-02
2.029292212313215868e-02
2.028684060583303694e-02
2.028109794150417811e-02
2.017504734417785439e-02
2.018428003074284813e-02
2.021752845351542163e-02
2.023338453275103435e-02
2.016010859462369700e-02
2.014574776848816751e-02
2.015238570076171784e-02
2.011269582815586668e-02
2.012969628450820073e-02
2.010662921047289345e-02
2.007817502261937878e-02
1.993872395264662326e-02
1.994861552113938799e-02
1.988020315117304537e-02
1.985444874714298313e-02
1.990754268555712872e-02
1.985229034493925238e-02
1.975524589894494740e-02
1.981586198313415800e-02
1.973623022554550979e-02
1.976210363681497884e-02
1.972268224978277959e-02
1.979036991293721751e-02
1.978928739155727534e-02
1.988616097027340324e-02
1.985509980386248111e-02
1.986565913997055330e-02
1.988450549424550587e-02
1.994583545217634701e-02
2.005581686537750291e-02
2.010530174420030458e-02
2.012589049053590401e-02
2.025896128230576798e-02
2.030424862574134459e-02
2.055643201337434972e-02
2.068906042343650678e-02
2.081007455898942204e-02
2.100526350187804231e-02
2.116655309418851924e-02
2.131612975671579382e-02
2.150506323278448748e-02
2.161253207930750528e-02
2.179020719174092069e-02
2.169932113268212975e-02
2.168621554138982707e-02
2.172807501303992625e-02
2.167205179934081696e-02
2.162646395802474489e-02
2.156679293326619826e-02
2.145755655357772795e-02
2.138177116415201223e-02
2.121561594456693872e-02
2.108493065453780763e-02
2.092819169819252340e-02
2.084132794878885628e-02
2.069319149833934515e-02
2.050221848890542570e-02
2.031878572931098553e-02
2.030601597914467524e-02
2.019756620604759578e-02
2.012823763825418583e-02
1.994938540291069443e-02
1.991211323427485511e-02
1.979608419578224310e-02
1.973942465369562041e-02
1.966306205762777606e-02
1.958338964299190937e-02
1.955443808083894355e-02
1.940136161669368114e-02
1.942886451497793238e-02
1.930464491820779727e-02
1.930357408762085891e-02
1.931197365206013469e-02
1.929605605577383240e-02
1.925895553256869175e-02
1.912735362316357948e-02
1.920493197343536851e-02
1.912050842005048532e-02
1.912815318581788729e-02
1.912373743896689932e-02
1.917650401595698620e-02
1.913180523870543909e-02
1.907907833256169625e-02
1.898376194096494315e-02
1.895423536616357846e-02
1.895375510669462804e-02
1.896160481049521604e-02
1.896301254060184585e-02
1.899771619938469755e-02
1.894561342650028651e-02
1.899605771343997052e-02
1.896776738924457056e-02
1.898839252718100695e-02
1.890207197638902117e-02
1.888654220923837238e-02
1.881407370003689364e-02
1.881194752184164529e-02
1.878211517421372531e-02
1.869470389167443916e-02
1.866749202247703493e-02
1.867509720107084562e-02
1.866436100043598889e-02
1.862597923983311254e-02
1.863114529766040500e-02
1.856434423246575843e-02
1.856260749247732808e-02
1.853407166644670950e-02
1.852136129467324421e-02
1.839081015976243641e-02
1.832079304801803241e-02
1.827214795179865278e-02
1.817088996256396513e-02
1.812722942700832271e-02
1.806597302787965251e-02
1.805804859883701832e-02
1.790042347740039563e-02
1.802250812150110043e-02
1.802697837431756905e-02
1.800186141366644579e-02
1.796722188462303305e-02
1.798314691616435812e-02
1.790800766089587284e-02
1.787371448284176545e-02
1.781034508064867350e-02
1.784843213281347291e-02
1.781689416860053957e-02
1.774019235034726000e-02
1.771126033210247697e-02
1.765395674202360418e-02
1.772001063564125969e-02
1.769452771816423450e-02
1.768613220490654336e-02
1.767781176983750438e-02
1.774178635571233356e-02
1.772509904898796063e-02
1.772964979873190711e-02
1.778218413870650758e-02
1.778263060654506483e-02
1.779687215072009790e-02
1.784685561770847986e-02
1.785438152757994751e-02
1.791941663646824667e-02
1.794819729795242569e-02
1.798484068035964903e-02
1.814565422276094922e-02
1.821287087990188999e-02
1.837832888129865491e-02
1.858479685723687241e-02
1.877911403222996822e-02
1.876913592362064107e-02
1.881477791758230309e-02
1.872478662271296820e-02
1.869153399461057075e-02
1.844827894232464391e-02
1.835647900577242961e-02
1.823067713682471197e-02
1.809734088909960292e-02
1.806584791539605356e-02
1.807115155808040191e-02
1.797847125502908400e-02
1.803565032340994495e-02
1.807789363275209837e-02
1.809349322851348807e-02
1.806331530287342071e-02
1.811070972559042369e-02
1.805282383874852459e-02
1.813380505951545096e-02
1.827587431614067365e-02
1.820567561216568375e-02
1.818681030751886571e-02
1.828608815515537014e-02
1.829355910836950871e-02
1.837702064875779487e-02
1.837572301480949050e-02
1.845861953447898093e-02
1.848645357017809909e-02
1.851506149536125481e-02
1.846683304826446034e-02
1.853166771981428276e-02
1.855106243936588753e-02
1.856804339611661456e-02
1.864931045243674659e-02
1.871238770626874534e-02
1.875836680869749293e-02
1.880779848669706517e-02
1.880840223116209825e-02
1.900295171997799792e-02
1.903369115971665498e-02
1.904364355699070602e-02
1.907892971497592363e-02
1.906572868415455993e-02
1.912678523887807736e-02
1.917734747954307969e-02
1.921113920931166036e-02
1.923650515407318920e-02
1.925089689921503228e-02
1.941097130976026514e-02
1.942318675155760288e-02
1.945880332992423745e-02
1.953102441566579098e-02
1.951156431194901730e-02
1.960040804721090504e-02
1.962274631488559323e-02
1.966275879357026399e-02
1.977686218907750287e-02
1.974516467206911471e-02
1.985746583712395125e-02
1.984919011940650124e-02
1.999092310050090346e-02
2.003113897920391628e-02
2.003625673036895857e-02
2.010311529795308014e-02
2.030217978027284986e-02
2.028950387577097697e-02
2.046114460243962999e-02
2.047305076960933071e-02
2.058018856356289006e-02
2.060987616866604907e-02
2.070871744923347135e-02
2.092977531230354876e-02
2.106969778855895606e-02
2.121591955452526920e-02
2.154175866861375230e-02
2.178024970369675864e-02
2.195396783462636239e-02
2.230584025570496801e-02
2.249159505377993501e-02
2.266141260615155487e-02
2.280420611926605584e-02
2.296786977109337852e-02
2.298384808594692089e-02
2.281716998627536519e-02
2.290031823232929406e-02
2.276469851748819107e-02
2.260162517329439638e-02
2.260250283735281210e-02
2.254116941729287713e-02
2.245608628493931183e-02
2.246955498861023109e-02
2.250859699465277211e-02
2.256794606369340664e-02
2.253031339256052895e-02
2.250188789854742910e-02
2.249449823515488681e-02
2.250744769509108179e-02
2.243202602615386454e-02
2.257582582023480444e-02
2.265335632619186468e-02
2.272528924806845388e-02
2.278257668267434990e-02
2.296371709902760017e-02
2.313898034439364551e-02
2.333383807604240759e-02
2.351013918776770004e-02
2.379525931472475236e-02
2.421934088433979129e-02
2.458850249183476208e-02
2.504321198948037536e-02
2.555434957129914045e-02
2.632770826439091022e-02
2.720866695741578842e-02
2.821302816939534261e-02
2.970408510490249107e-02
3.136888491138217078e-02
3.355702442832392968e-02
3.697532470936824162e-02
4.131839678896117446e-02
4.672065262024617527e-02
5.220652681730929973e-02
5.679080169471018708e-02
5.958480958455802945e-02
6.061227134648640436e-02
6.091625916323204631e-02
6.154556235850857510e-02
6.325270908605104547e-02
6.552194422198609480e-02
6.830563035517396575e-02
7.162200890020797850e-02
7.483609507428942709e-02
7.816161795806393642e-02
8.132602514695358442e-02
8.394543290464519247e-02
8.664365581181462939e-02
8.821574875626592149e-02
9.005304359882876364e-02
9.096271458518487285e-02
9.165561220594097003e-02
9.265232374561505058e-02
9.365995836183449441e-02
9.476695756993747111e-02
9.582440275517291328e-02
9.698033822246998614e-02
9.835437536002177017e-02
1.004996776780446716e-01
1.020052006240710907e-01
1.033057898420878945e-01
1.033639880333319383e-01
1.031177218217140951e-01
1.015116843410407838e-01
9.886344044780978613e-02
9.594072670571987538e-02
9.285569199135115803e-02
9.047697742944606214e-02
8.826552438196548500e-02
8.683495646692206138e-02
8.558318030949141342e-02
8.380094430052265064e-02
8.196902784628104510e-02
8.010616949826797339e-02
7.808101027012004369e-02
7.597158233582228248e-02
7.400197356756967049e-02
7.186598079080899759e-02
7.030868699541821532e-02
6.830934939489145818e-02
6.657498376693579689e-02
6.537318049996151959e-02
6.451224979827126227e-02
6.431512240213844989e-02
