7.357964984516052187e-02
7.067737850318218940e-02
6.777508798622210173e-02
6.529348806761310631e-02
6.316375549177118132e-02
6.182002922739351924e-02
6.075251282200964248e-02
5.989079707712761241e-02
5.960690895758836982e-02
5.913592334405333439e-02
5.873980218121915148e-02
5.844711698251879584e-02
5.774208882757499162e-02
5.683812474268466058e-02
5.575519836371525817e-02
5.450573025550160128e-02
5.374224831106532568e-02
5.344824332479769513e-02
5.313887241802389694e-02
5.287895153036679258e-02
5.286495139294744572e-02
5.219098528176836088e-02
5.189959831712515764e-02
5.174618934061796238e-02
5.172687662032508793e-02
5.161158789752287590e-02
5.161346783322246640e-02
5.150216362891965605e-02
5.184351935500547404e-02
5.176668363673910672e-02
5.177103105271726319e-02
5.182624977644467029e-02
5.198954254747716747e-02
5.201938157213424618e-02
5.210559096983573973e-02
5.201003169980256829e-02
5.183913626352271847e-02
5.147215855585664246e-02
5.103432848149197509e-02
5.039960670024992706e-02
4.956365901115714068e-02
4.888426378437142616e-02
4.834774098596933412e-02
4.794360304492300412e-02
4.762949322109581024e-02
4.749790273057093171e-02
4.724003065587362854e-02
4.757820286643552748e-02
4.787552374708378689e-02
4.826347775869588297e-02
4.847301792073972077e-02
4.888957400711968493e-02
4.890017561441556415e-02
4.909045406617908169e-02
4.871370108219921780e-02
4.830558198911212575e-02
4.793908729375651046e-02
4.749540193238830504e-02
4.713192569647414037e-02
4.655248551366437948e-02
4.608767636804929346e-02
4.550170803975542994e-02
4.465081898544828037e-02
4.414853944200081842e-02
4.384433998616908690e-02
4.333312849710149739e-02
4.334100178705643791e-02
4.316065260923851454e-02
4.283214659894424292e-02
4.293730077482112162e-02
4.295074999142024091e-02
4.291901895019605701e-02
4.323202877958495782e-02
4.369777447955180971e-02
4.456583201668322392e-02
4.532942417519774531e-02
4.555024838262454467e-02
4.547147296359489027e-02
4.487043055329188040e-02
4.469942195478047997e-02
4.439719111426246312e-02
4.465205743146682948e-02
4.478116451923996183e-02
4.502163070442713466e-02
4.535219836799186943e-02
4.543107067534105092e-02
4.540346724934707368e-02
4.557605049961388488e-02
4.553240321136896307e-02
4.564154149250185949e-02
4.589961340878303403e-02
4.603711058662378341e-02
4.638829652383442276e-02
4.685143270798557830e-02
4.737150512571060290e-02
4.803567787874374329e-02
4.842909896605643999e-02
4.898439587379477961e-02
4.920894859375942593e-02
4.926099584253713914e-02
4.943659267057409074e-02
4.952325421434512764e-02
4.975122042542115541e-02
4.980138814784850626e-02
4.978540282594744182e-02
4.993809448819066382e-02
5.015907301260273676e-02
5.056510757676983825e-02
5.033709946899725396e-02
4.966400250967375335e-02
4.853755229059514287e-02
4.749687799436042024e-02
4.638438169857386772e-02
4.574646519798584304e-02
4.509167637675663698e-02
4.448767396870369206e-02
4.334709486803411255e-02
4.261910251616142509e-02
4.144803909768873806e-02
4.061805630080644880e-02
3.985781024603754497e-02
3.923538376277021372e-02
3.885384705117254228e-02
3.840609619368446498e-02
3.820262864985708023e-02
3.818959216099575282e-02
3.854571685765132566e-02
3.879596066806337978e-02
3.944220196129338829e-02
4.000170688100248423e-02
4.029226693369913209e-02
4.047777255632088733e-02
4.091289252277915262e-02
4.146304589309855043e-02
4.200242253088677657e-02
4.250230242793943264e-02
4.298783954076561969e-02
4.323411082016859197e-02
4.375869663212675342e-02
4.375158472525689235e-02
4.372613158557968338e-02
4.388797683177592113e-02
4.390098136251568972e-02
4.379748472508265822e-02
4.345200783987993032e-02
4.315050884525360730e-02
4.273543650984946984e-02
4.231241619120148373e-02
4.219447395009910673e-02
4.209691431083893015e-02
4.218673977433951700e-02
4.243526507167502682e-02
4.327622213711085353e-02
4.378331137652212435e-02
4.451801644835239047e-02
4.519120870303831861e-02
4.570202154491815466e-02
4.590358291303214128e-02
4.601197424810155034e-02
4.602757630187351984e-02
4.627982175563978562e-02
4.648554421016874716e-02
4.687562976116014385e-02
4.718276011755481031e-02
4.728473986195634582e-02
4.700128399773440685e-02
4.633012891618434187e-02
4.538083251670862323e-02
4.477959445783662867e-02
4.416929272617176050e-02
4.346410319796579352e-02
4.305325706014616338e-02
4.266948926488386279e-02
4.216315425968777258e-02
4.194302288790393435e-02
4.137641039615699151e-02
4.087436586481997536e-02
4.057450534277415310e-02
4.016193185398528320e-02
3.980495574414665699e-02
3.949454366883522333e-02
3.895243463397257688e-02
3.883098064755223511e-02
3.863237070148767272e-02
3.845261183615981265e-02
3.822253341524944198e-02
3.843680336281234816e-02
3.867470584435529768e-02
3.901898655778056335e-02
3.963029242364594223e-02
4.074271927312969610e-02
4.167814344477054761e-02
4.267215061017191197e-02
4.324950137978682968e-02
4.374398730052430490e-02
4.384678753441616922e-02
4.368699700992559332e-02
4.302786254479695066e-02
4.207159269908204019e-02
4.030667249339737329e-02
3.870999159969264192e-02
3.699777860801801987e-02
3.552620724825424070e-02
3.420225089398937213e-02
3.326913355290379848e-02
3.259271154273042648e-02
3.194321498815872601e-02
3.130233752602160080e-02
3.104270124149019483e-02
3.078825745245878168e-02
3.047193676802980797e-02
3.023613148972245993e-02
3.027880643583316309e-02
3.011583416912468059e-02
3.016824042028916353e-02
3.027132294591054068e-02
3.036328178132869510e-02
3.057515760082782363e-02
3.078982806560420782e-02
3.105301876601348349e-02
3.132533672581241935e-02
3.159968663560488999e-02
3.211434125743510559e-02
3.218204248573829085e-02
3.261105459498618575e-02
3.307284629897909445e-02
3.371703291649376377e-02
3.424809297689777876e-02
3.495143475391336574e-02
3.577332776431212807e-02
3.620510016484094346e-02
3.646562828380393168e-02
3.655398859358821584e-02
3.652826708702544556e-02
3.648190098450117269e-02
3.659728473729013248e-02
3.677179307438709077e-02
3.709404521208503613e-02
3.731391321577132852e-02
3.738457207158662338e-02
3.770650981030899962e-02
3.773500714588039207e-02
3.803265986277908073e-02
3.833536442797062099e-02
3.861181568033399819e-02
3.897648156309216350e-02
3.943752114162497879e-02
3.968135505214983455e-02
4.026057489086678348e-02
4.066229598571442089e-02
4.087880211073979808e-02
4.078166191636086596e-02
4.051090158497343968e-02
3.992175875121774242e-02
3.923891880196870435e-02
3.809915451829828936e-02
3.705556025076200966e-02
3.598291490673728027e-02
3.455887087655087203e-02
3.341504433888364128e-02
3.224201777712046996e-02
3.109187852515344491e-02
3.012720804700813257e-02
2.916652079082429627e-02
2.836726386708443570e-02
2.765044828206996569e-02
2.701893635223125492e-02
2.651328539715125734e-02
2.595538679291242018e-02
2.556666178851329380e-02
2.514474778698713373e-02
2.484380001312554848e-02
2.450944906306326554e-02
2.431734036951382905e-02
2.405422500868639041e-02
2.383552307208973778e-02
2.352260309125851767e-02
2.351435777953837444e-02
2.316673659296877852e-02
2.297541494954388752e-02
2.292817566226642775e-02
2.274091639201452839e-02
2.261886047931035634e-02
2.258700655149489464e-02
2.260589386110139695e-02
2.260705252103382620e-02
2.274208973721974711e-02
2.289918877626307206e-02
2.314487782724555798e-02
2.350758466564865576e-02
2.426722434538024914e-02
2.530974044597406394e-02
2.623031930077620796e-02
2.694832086574208002e-02
2.733359306128915409e-02
2.706841025402582229e-02
2.643900409585408368e-02
2.541358450255092050e-02
2.422975130290800500e-02
2.315543739677050974e-02
2.247430661097829518e-02
2.195029103418105407e-02
2.162097506220634832e-02
2.146939480859453783e-02
2.133320074874530889e-02
2.132417900595662275e-02
2.144042524188672846e-02
2.155087421852549395e-02
2.175093530404383774e-02
2.191523097944561571e-02
2.214681936474543686e-02
2.232695640333387868e-02
2.249081575588458143e-02
2.270452662684452338e-02
2.266421501189240170e-02
2.254713931992334552e-02
2.247541560172886324e-02
2.226235659800074318e-02
2.194634504093915042e-02
2.176028563466397142e-02
2.155902473218024307e-02
2.130510196217095045e-02
2.120975319071594783e-02
2.108021116026030650e-02
2.094475571101805933e-02
2.094675721814836036e-02
2.092656251172015855e-02
2.090436697961368592e-02
2.087948605795666643e-02
2.095317344295830053e-02
2.093677519335092330e-02
2.096931279701116577e-02
2.087216261313974697e-02
2.096518955405772197e-02
2.093944151422453409e-02
2.103689391611480650e-02
2.092807603757634166e-02
2.110433087902079119e-02
2.107159177032790973e-02
2.107882341281604177e-02
2.091334671851265495e-02
2.092251315364919775e-02
2.094505224360485030e-02
2.102422526377294501e-02
2.095887001469640826e-02
2.095976296504297592e-02
2.099175507787003764e-02
2.100949667626240275e-02
2.096684690540643117e-02
2.100072396868149505e-02
2.092010341599773518e-02
2.085989741087479130e-02
2.086717316120267895e-02
2.084844868215398120e-02
2.088706947560216645e-02
2.086431105305078942e-02
2.083462773273705299e-02
2.085046452649979426e-02
2.083252330394978757e-02
2.072202968429972744e-02
2.077477916774841948e-02
2.077541034060471220e-02
2.079196759883673862e-02
2.079927425755528567e-02
2.085774649662425900e-02
2.082888961691047036e-02
2.087557410415011999e-02
2.086321731146724423e-02
2.090798098515742054e-02
2.103197698338491600e-02
2.109834071508707998e-02
2.118546965849977745e-02
2.129306838173386160e-02
2.129984290741359157e-02
2.152163546844454087e-02
2.162004324895896654e-02
2.179405305934107098e-02
2.195586284887024106e-02
2.210016247934223563e-02
2.229919569202470919e-02
2.243531143890437757e-02
2.258950184566682617e-02
2.280003647534217456e-02
2.267981395200769842e-02
2.273650246733869076e-02
2.276754379480520202e-02
2.276744478021304474e-02
2.271979872485161561e-02
2.266638756022538656e-02
2.254981858430554764e-02
2.253012833824507080e-02
2.236508999764096409e-02
2.220199036548665614e-02
2.203062348127459227e-02
2.198041429110293016e-02
2.179427822975232854e-02
2.168378908527477528e-02
2.143472140922807537e-02
2.138740723884923617e-02
2.126132192871984378e-02
2.115959696678519630e-02
2.098897527143894770e-02
2.080842282445914335e-02
2.078147450737469551e-02
2.068228764116106580e-02
2.055327701654329625e-02
2.040070590339868387e-02
2.044314185055478086e-02
2.027661950898854148e-02
2.020104970937334696e-02
2.016394190501671554e-02
2.010043816055841898e-02
2.008315039269553681e-02
2.009100207257117146e-02
2.002008786368587520e-02
1.990664971184170559e-02
1.995643956461809476e-02
1.979169146970603116e-02
1.981221708680267965e-02
1.986019029407971870e-02
1.983226585491433547e-02
1.975380304240682838e-02
1.973543885168917503e-02
1.962055180284031503e-02
1.963917791516881992e-02
1.956358001780657968e-02
1.950029927682692815e-02
1.953492657981383690e-02
1.951054239806291821e-02
1.950933273643940327e-02
1.946862679174594241e-02
1.945697085081134897e-02
1.945782713483168100e-02
1.941009788021611990e-02
1.934242414808440627e-02
1.934572790500871386e-02
1.922155526388285782e-02
1.925139052677184159e-02
1.914613225350627126e-02
1.911673026059792016e-02
1.916074749780660377e-02
1.904813501287037220e-02
1.901267046844737005e-02
1.902629332936861192e-02
1.898082828296601687e-02
1.899578973049995817e-02
1.892778316815995135e-02
1.888251328821906674e-02
1.877670863878366445e-02
1.874030149869542958e-02
1.863389489596772516e-02
1.854174967372488117e-02
1.851572853458694282e-02
1.848986846353162586e-02
1.842231800158492319e-02
1.830535806833186174e-02
1.833471094800952564e-02
1.832807092121463768e-02
1.829049783930819517e-02
1.829671720373837393e-02
1.827145634584111111e-02
1.826005805151404565e-02
1.823199141683446919e-02
1.816730664083119479e-02
1.819458692372762088e-02
1.814893180450509111e-02
1.807954938308203863e-02
1.808748982405094033e-02
1.801989514336102896e-02
1.804192702420836722e-02
1.802749857823392199e-02
1.802134344886282755e-02
1.802917624301180258e-02
1.801378358073668293e-02
1.804247810984744432e-02
1.801533134831832111e-02
1.808444534390364622e-02
1.810421250519335390e-02
1.809892654567713324e-02
1.809565565973114687e-02
1.814516385183203781e-02
1.821702625308191034e-02
1.821580706409118774e-02
1.825068531020527379e-02
1.829659982643562152e-02
1.843528477489322220e-02
1.857269634819688417e-02
1.870621193804886465e-02
1.896134342904465253e-02
1.901772943036436972e-02
1.908233050452396926e-02
1.910979252734004014e-02
1.899473943947059193e-02
1.882992611934596744e-02
1.871146721497800661e-02
1.861853566304084301e-02
1.848391216759669511e-02
1.846307198799251176e-02
1.844266760116632445e-02
1.834741173745954926e-02
1.833151366664128104e-02
1.837208275883321640e-02
1.836355306501267354e-02
1.835358276233520908e-02
1.834786911946923935e-02
1.832282563098052916e-02
1.835813279676433082e-02
1.850043938975473590e-02
1.839978351412448893e-02
1.844574560667082766e-02
1.850075556048875677e-02
1.849774701354886530e-02
1.853698310714228109e-02
1.857588271400290383e-02
1.864048740051441402e-02
1.868432717001449958e-02
1.871962039019002197e-02
1.865063875598623258e-02
1.871892661450991896e-02
1.877001458861566816e-02
1.874930806095527827e-02
1.897239973234639623e-02
1.890153599743675528e-02
1.890696975458391882e-02
1.900012459274558196e-02
1.900721766882090130e-02
1.906496065530326189e-02
1.913745708272273499e-02
1.914540027167288896e-02
1.921255511456239004e-02
1.916303582629862168e-02
1.922622052374577811e-02
1.927623353117044469e-02
1.931581084918582158e-02
1.931609385969157780e-02
1.935590108777813720e-02
1.942366463684239153e-02
1.949957792395896200e-02
1.952119159503339432e-02
1.960928400047902073e-02
1.962859011548328397e-02
1.968165693124242221e-02
1.976004127324689635e-02
1.976385614125188497e-02
1.982924837401591617e-02
1.989475173630960922e-02
1.989809000293926017e-02
1.993751574665155249e-02
1.999470272628469866e-02
2.000046894573458481e-02
2.005589954816182352e-02
2.014381413004600122e-02
2.021264853174750339e-02
2.025658335590046003e-02
2.033507592984135776e-02
2.034182490201384350e-02
2.039708087027946454e-02
2.046106988964639314e-02
2.054172980368224391e-02
2.065785106468401300e-02
2.076136953692265044e-02
2.082409135993106009e-02
2.101998543370567352e-02
2.123256074909611255e-02
2.135706268491896487e-02
2.155614117156472512e-02
2.175291951989665254e-02
2.188589034522953752e-02
2.200265155617586732e-02
2.228074285765984167e-02
2.241736380260814232e-02
2.243463885924386683e-02
2.258257216396963862e-02
2.257123373993924140e-02
2.257347280165122524e-02
2.266901140384043264e-02
2.269226439696718153e-02
2.272387554007852112e-02
2.281250249548705950e-02
2.289731336384859262e-02
2.300056184966872003e-02
2.296870491029716702e-02
2.301398410446798409e-02
2.303811348578967480e-02
2.310166442058842612e-02
2.303348854229335385e-02
2.312896638895270418e-02
2.314766610685344006e-02
2.321210907561876632e-02
2.322736135391208212e-02
2.342813605202728050e-02
2.352683907629528337e-02
2.363343497488452211e-02
2.380346474442294677e-02
2.395133009985690384e-02
2.427612618989774540e-02
2.454077272822457328e-02
2.488308556887851644e-02
2.524800716455051150e-02
2.568012672976199839e-02
2.619649328626319496e-02
2.672307627300262237e-02
2.749434166167952220e-02
2.830685727227257031e-02
2.922139086367707417e-02
3.069948454742135388e-02
3.239373399950766508e-02
3.467867767833357484e-02
3.690084812673126435e-02
3.937747423073901382e-02
4.160026185715939850e-02
4.334535923924203588e-02
4.483014312717326783e-02
4.644972705924503564e-02
4.847437436334330746e-02
5.077031894791007166e-02
5.330511983417408894e-02
5.614858205314806477e-02
5.868618328952213831e-02
6.137581454665869130e-02
6.380877216039718136e-02
6.607948433316715442e-02
6.887556383867703136e-02
7.095469467666602748e-02
7.347357557492177615e-02
7.544435044113861899e-02
7.731373478154734968e-02
7.926731591452933212e-02
8.136561602505454349e-02
8.330739781088004892e-02
8.510786909670996214e-02
8.684445204792792805e-02
8.861248754411779616e-02
9.068410149352033878e-02
9.245334769568448741e-02
9.407144234923164872e-02
9.513201181780917004e-02
9.626707171188929324e-02
9.635428779052571113e-02
9.582721324476121960e-02
9.489600496802057250e-02
9.325637251944092487e-02
9.160799901465577211e-02
8.963814152264550084e-02
8.864746206330934020e-02
8.752262724687943918e-02
8.632962642776061124e-02
8.525429890095555241e-02
8.411441633916964811e-02
8.304508732699437956e-02
8.172071801192630491e-02
8.059334757666349047e-02
7.902060961765805525e-02
7.819409546278068002e-02
7.648725854694417292e-02
7.494953004358874404e-02
7.375139701665073266e-02
7.237557712866787840e-02
7.148646909019497342e-02
