7.488063269656043686e-02
7.207132520790864028e-02
6.924705726236804471e-02
6.664479097762263105e-02
6.438353421222163531e-02
6.325027254031291568e-02
6.218199790489080392e-02
6.150477940720622261e-02
6.124168218884377957e-02
6.046218001524850810e-02
6.008590917496844236e-02
5.979186016914667806e-02
5.937350279910457579e-02
5.869853944896430420e-02
5.791797393921446768e-02
5.687740533181803032e-02
5.623543183615434260e-02
5.575009044837956479e-02
5.540622366397544157e-02
5.510811300628612464e-02
5.519439567289483733e-02
5.466401808437484217e-02
5.436511238687633668e-02
5.407228420205108244e-02
5.407905544250195262e-02
5.367214817504593199e-02
5.359649223659454509e-02
5.341003498811870004e-02
5.354482493762531548e-02
5.332185814034817728e-02
5.326314270393545797e-02
5.300291590754339921e-02
5.279841635100645386e-02
5.235443885649724433e-02
5.197765479482093637e-02
5.142005496988200086e-02
5.108175646802199515e-02
5.075107447939174177e-02
5.049481579861957170e-02
5.014105634021815555e-02
4.952349760191757794e-02
4.913805458685885363e-02
4.902099881629493755e-02
4.864972725679000271e-02
4.841019098440466073e-02
4.828559770860556960e-02
4.791576945732085174e-02
4.809248741935139015e-02
4.804239398822117424e-02
4.807741255290921834e-02
4.787270721207215196e-02
4.791583129403648861e-02
4.770424080142551121e-02
4.769442758241851377e-02
4.754086589041810890e-02
4.755032786817212781e-02
4.756811938310548382e-02
4.734959835535124811e-02
4.735583348851178653e-02
4.693515511248920469e-02
4.675603870469841744e-02
4.652534644115459417e-02
4.610462995566592254e-02
4.586757401295533942e-02
4.569369861362718860e-02
4.531050493979719984e-02
4.511246935926005452e-02
4.495333641171120331e-02
4.448674935449223322e-02
4.450880748274448073e-02
4.447718115815670753e-02
4.426776648550145854e-02
4.455777695908721969e-02
4.480186753392537830e-02
4.517907865285674535e-02
4.589291393972914912e-02
4.640205317095269510e-02
4.651200951851321846e-02
4.584033606321066823e-02
4.533232648649970081e-02
4.474995349723281252e-02
4.461828810028354436e-02
4.450043139162696004e-02
4.449170860708233366e-02
4.469314026981000693e-02
4.460357284415101403e-02
4.449084357760327291e-02
4.440012630049431502e-02
4.407244327003415063e-02
4.393918919359910552e-02
4.407204923822369974e-02
4.400701140916447873e-02
4.410951086779153069e-02
4.429265835651773064e-02
4.435501767019436881e-02
4.462837190942493121e-02
4.473560425022456155e-02
4.523388837912630661e-02
4.540793095885361369e-02
4.567213904004564784e-02
4.577829725242989201e-02
4.600711467448159731e-02
4.595996742822157366e-02
4.587447573025257158e-02
4.581035946391576880e-02
4.585028970879612142e-02
4.586698012315674339e-02
4.646538683259261726e-02
4.657560101196348001e-02
4.648283177641655134e-02
4.588505503514409695e-02
4.509702235950610594e-02
4.413634920944500828e-02
4.378929729414984123e-02
4.347755354733885691e-02
4.349493296038554890e-02
4.322357248702479032e-02
4.335712428571656535e-02
4.317652112869155290e-02
4.304652360536878608e-02
4.300377244087214695e-02
4.280561647005966946e-02
4.267408504121012608e-02
4.237718872832828970e-02
4.208583904606280623e-02
4.201072132690143734e-02
4.210781147780923855e-02
4.211448999219618433e-02
4.257567723706445068e-02
4.303684287630860084e-02
4.337670404620410508e-02
4.346739693616061273e-02
4.368458906898453620e-02
4.402749469797968135e-02
4.438030870330630234e-02
4.476138025756233596e-02
4.507217359947070928e-02
4.515446142420177777e-02
4.557332932123796254e-02
4.541736276067624006e-02
4.521090791466735731e-02
4.509200537405708836e-02
4.493456892852372431e-02
4.471306250454539638e-02
4.424899220979642417e-02
4.387775669109332533e-02
4.348265537649257523e-02
4.331921986226213578e-02
4.315810080813022032e-02
4.311481322313863440e-02
4.296768565662555800e-02
4.289121822966733555e-02
4.343242193445308319e-02
4.361409717426206062e-02
4.403146672897103459e-02
4.440682121161341339e-02
4.470439601330442048e-02
4.486248359884141557e-02
4.475352373921940435e-02
4.479979987454924678e-02
4.475906291209385407e-02
4.447940630755538305e-02
4.449997069029536928e-02
4.454091673717646555e-02
4.465025277880976806e-02
4.461764875497412075e-02
4.408302077255478457e-02
4.337474071156772332e-02
4.274610354351910529e-02
4.210814801227344417e-02
4.150083769348737739e-02
4.117032776741023220e-02
4.063567446011033535e-02
4.033312638551595636e-02
4.015390283551160261e-02
3.982757051201817056e-02
3.957480670288195806e-02
3.947720822354588294e-02
3.939730790284017709e-02
3.930500195330235980e-02
3.925931465689982969e-02
3.908287440734479340e-02
3.901269138735251329e-02
3.905879216893785172e-02
3.891724569965975683e-02
3.889935633306839530e-02
3.911989532329556568e-02
3.929684383094003003e-02
3.939928190789431656e-02
3.958479723228057467e-02
4.011625075740597041e-02
4.073823363981543544e-02
4.151219440661425147e-02
4.203093710984671938e-02
4.251882417664600705e-02
4.248472308338079734e-02
4.235530589825020620e-02
4.190591078271485581e-02
4.138614834531852138e-02
4.056142004838046017e-02
3.988700661927291335e-02
3.898275113313511703e-02
3.820033656462962224e-02
3.752688046919849807e-02
3.708496627400856283e-02
3.681072359899221352e-02
3.635718694417314906e-02
3.600413662437668832e-02
3.574436905374230727e-02
3.548517920632384554e-02
3.527074743112085936e-02
3.514457146965608431e-02
3.530589431774406456e-02
3.526846187673558786e-02
3.534037233018051671e-02
3.552183890769162328e-02
3.573914898704392412e-02
3.587937747317964526e-02
3.614563560282864352e-02
3.646696329198138159e-02
3.671821366517837026e-02
3.693831153717817839e-02
3.749004019262028309e-02
3.756463774793940974e-02
3.802173995358182346e-02
3.837949880076549358e-02
3.883330589627667639e-02
3.920743794074173921e-02
3.973098316023913890e-02
4.040660517203032570e-02
4.096015362189727588e-02
4.123309556680063853e-02
4.155866626527424113e-02
4.182600950991959693e-02
4.169567532132890941e-02
4.206433717336786893e-02
4.231076809348552348e-02
4.284554384265007454e-02
4.331173249390606744e-02
4.365994435625496911e-02
4.411492913427772500e-02
4.449391685418447456e-02
4.494553258805936841e-02
4.540894671467511634e-02
4.569238822519126886e-02
4.595905211114524602e-02
4.633278069050144471e-02
4.633047434132273740e-02
4.664675055454866465e-02
4.665590831532775984e-02
4.654995179281813666e-02
4.644912489255728638e-02
4.619651428714734859e-02
4.575321122295009785e-02
4.523039285579342345e-02
4.419567890327266019e-02
4.329498097497205822e-02
4.222053401680535278e-02
4.089164668609282516e-02
3.981610007209832047e-02
3.844933864400082446e-02
3.732069582499294297e-02
3.636592496642239436e-02
3.522469338040985082e-02
3.429657190970550329e-02
3.348105654055509584e-02
3.269308824784842443e-02
3.212936469408094603e-02
3.149706428500460842e-02
3.090126103588282033e-02
3.045150771970467699e-02
3.001609447998985353e-02
2.961156129799365211e-02
2.939161189007814118e-02
2.895932426744701402e-02
2.877526959422499475e-02
2.829550640331406075e-02
2.837401713094471131e-02
2.806792744843552082e-02
2.777465816506528851e-02
2.772572252558643327e-02
2.751632012969002991e-02
2.741189391477401663e-02
2.724028780086621554e-02
2.723770379973671982e-02
2.719241193050476665e-02
2.731036378788724572e-02
2.724449962628571614e-02
2.736272814184531263e-02
2.755108943935340171e-02
2.804870325094538722e-02
2.887947094842883630e-02
2.969873970552571601e-02
3.043379196043490692e-02
3.095058209541523553e-02
3.082234923136224075e-02
3.052820784760260781e-02
2.976251621323273977e-02
2.877681468114002758e-02
2.764947315645790299e-02
2.684361239054740278e-02
2.627306620005365190e-02
2.583696624064134653e-02
2.570794012865701417e-02
2.564003448713399885e-02
2.551337856294247017e-02
2.566145665558508884e-02
2.570870400442889017e-02
2.581098998001700798e-02
2.592855955285579272e-02
2.614302441466668722e-02
2.631454269214143424e-02
2.644977612696578634e-02
2.670879602677133161e-02
2.668638471813995425e-02
2.663752656844247182e-02
2.667186438133566789e-02
2.647595549870773723e-02
2.622315558333797661e-02
2.611387545370334046e-02
2.592565485695253608e-02
2.568627605242893366e-02
2.543354205144857799e-02
2.538217545428904029e-02
2.525499216302138500e-02
2.517627270999312980e-02
2.511429175698432978e-02
2.513251641623471047e-02
2.506635699243626308e-02
2.512336308795741144e-02
2.509681094638273324e-02
2.522021575561341281e-02
2.506844679673457879e-02
2.524922030176219093e-02
2.513358913132024072e-02
2.525209341721405126e-02
2.519166120278790860e-02
2.531403053460735270e-02
2.525670293043972420e-02
2.538520399056600277e-02
2.523865068518633958e-02
2.525958977551112997e-02
2.531070503250068895e-02
2.539151420776187065e-02
2.542401555159330001e-02
2.539852735558258481e-02
2.545907185638322454e-02
2.556260339237108326e-02
2.552261263982301756e-02
2.561034875364548088e-02
2.555531726858263630e-02
2.541833829725263089e-02
2.557173755354185882e-02
2.547755312570609484e-02
2.561324809926633639e-02
2.556123598282494802e-02
2.555424733143689398e-02
2.555411195554925866e-02
2.556368198104267200e-02
2.548962091786922610e-02
2.556077361080189014e-02
2.555014664192549120e-02
2.553394582218300110e-02
2.550631852365773528e-02
2.562217182157444650e-02
2.549697181969522511e-02
2.561288527471148116e-02
2.555107307963576380e-02
2.557695966780171304e-02
2.577270657814416041e-02
2.582770210019798285e-02
2.584593170598402725e-02
2.599241110397459628e-02
2.607403105553829023e-02
2.625586594965052464e-02
2.632373034251740684e-02
2.646930597847764466e-02
2.662194581640939597e-02
2.678418012088942118e-02
2.699666207279139557e-02
2.712070652658459327e-02
2.737393672268364012e-02
2.752767129458913789e-02
2.747101019221080340e-02
2.757070702027646092e-02
2.765680300688037885e-02
2.768542209911769789e-02
2.771482916740303573e-02
2.759942646250438530e-02
2.749836238959076778e-02
2.746373973805059029e-02
2.729238588059971007e-02
2.716959824240659446e-02
2.703745100268845764e-02
2.695207982167675473e-02
2.681258382879704583e-02
2.669027637125117106e-02
2.644486116182479321e-02
2.645929155216373424e-02
2.630849383048293813e-02
2.613506717471111504e-02
2.591619445752692957e-02
2.577957747769281729e-02
2.571115882232901870e-02
2.559067139388563478e-02
2.547997470699226580e-02
2.532607086992883297e-02
2.533391027004894963e-02
2.517512826469997869e-02
2.506798119823565318e-02
2.494408610745544111e-02
2.491057783932092151e-02
2.496602903905231069e-02
2.494534119300754332e-02
2.483160473628261145e-02
2.460858535894945576e-02
2.477100378757176452e-02
2.457954585582583507e-02
2.464340414386445924e-02
2.461004215129648093e-02
2.460499543076231921e-02
2.450581714095447644e-02
2.454438277795919360e-02
2.439887681257816437e-02
2.440982278334890426e-02
2.436120153144660100e-02
2.425052768128932792e-02
2.434199772528697001e-02
2.425933573736171328e-02
2.427734604050400119e-02
2.422316850341173916e-02
2.421570511340092116e-02
2.429756911708706724e-02
2.416114582128402188e-02
2.416303016969110345e-02
2.407142841263618452e-02
2.401229868999917028e-02
2.408045267393688071e-02
2.390947470808986106e-02
2.391473831806404521e-02
2.390588238089390305e-02
2.394821807338043743e-02
2.387596793816372173e-02
2.382832061157369105e-02
2.378041439155592976e-02
2.380636581711958327e-02
2.375479978936300904e-02
2.373011821986759778e-02
2.367920712694659285e-02
2.366680191977781761e-02
2.356166104596668989e-02
2.349595927171507434e-02
2.340574015914599279e-02
2.351299578350954031e-02
2.341567965085781036e-02
2.336447884104063052e-02
2.345135557176276572e-02
2.346463550324095343e-02
2.338396691520510870e-02
2.342115790784666390e-02
2.339684719466258306e-02
2.336283319159004890e-02
2.344055421657454188e-02
2.332122521793208308e-02
2.340485339411146892e-02
2.334384529689061127e-02
2.329914225784071938e-02
2.328146679446463016e-02
2.323755834021358144e-02
2.331648231746709377e-02
2.327674076606730050e-02
2.325951674760696683e-02
2.321732057653401113e-02
2.322736735941138136e-02
2.332758177005435016e-02
2.323241006714693926e-02
2.335976416348367266e-02
2.331714362672720336e-02
2.330632073342265090e-02
2.335059016636626544e-02
2.338191976379207920e-02
2.338250735930361840e-02
2.343318849301703061e-02
2.344986119358013349e-02
2.354082571221887549e-02
2.358364089571413080e-02
2.377823014608543978e-02
2.387868928583458672e-02
2.418457093291835613e-02
2.419113285971331156e-02
2.427698569164611284e-02
2.432307258332777958e-02
2.431724067819828611e-02
2.407274682465728247e-02
2.404288358661572228e-02
2.397380863917318930e-02
2.380198615653212127e-02
2.382678305662663462e-02
2.384200176275620003e-02
2.368715681516427377e-02
2.370703782545425728e-02
2.367209552011011187e-02
2.380541004621092999e-02
2.377842228004170902e-02
2.377793452334746316e-02
2.369600335126735569e-02
2.375799904722082981e-02
2.393524168895138846e-02
2.384135686475400209e-02
2.373666958904234459e-02
2.396982616360043145e-02
2.389049995305226465e-02
2.400474482530360471e-02
2.394881274106308230e-02
2.400788136830357689e-02
2.406152347149909804e-02
2.416981692900255912e-02
2.407929477083258982e-02
2.417832418872791628e-02
2.423319406246253124e-02
2.416703937028129648e-02
2.430253375792012713e-02
2.430923987486967308e-02
2.429218467363212369e-02
2.440554865405397331e-02
2.440499216711010388e-02
2.454016996501748663e-02
2.453203915628493145e-02
2.449162966219521620e-02
2.466151437276998398e-02
2.464107628832911887e-02
2.468871222842165813e-02
2.467662232579839396e-02
2.470036520254101711e-02
2.471302580265991727e-02
2.471126775923725150e-02
2.482840468435993167e-02
2.487508084566836600e-02
2.483715567210893760e-02
2.496573758598539389e-02
2.500664819054548502e-02
2.493601883370256955e-02
2.500029823446207541e-02
2.496696506601386173e-02
2.512344776649997474e-02
2.502093650068576425e-02
2.502189359782045625e-02
2.502099850225138200e-02
2.502604827264463816e-02
2.514284113416482072e-02
2.509804575146240904e-02
2.512530991542504324e-02
2.525972503511030032e-02
2.528571046404711961e-02
2.532883951416477208e-02
2.530238187514776554e-02
2.533054867007652339e-02
2.541473187133437214e-02
2.548825202432217565e-02
2.554341412942634157e-02
2.565326892614031365e-02
2.565484633054572472e-02
2.580337912337986317e-02
2.592361852440595513e-02
2.602955248262113150e-02
2.619712525518722718e-02
2.638018444029709142e-02
2.637829666742442722e-02
2.644791305583066993e-02
2.678162359708714108e-02
2.684221278373718697e-02
2.687011625648265400e-02
2.703138377789315872e-02
2.713925209484681009e-02
2.711854417554588476e-02
2.720277900989181985e-02
2.731594158701433975e-02
2.739955774464951366e-02
2.750952991316467713e-02
2.759787363983073893e-02
2.766390294293736424e-02
2.778766241195058939e-02
2.771275449551794182e-02
2.785826438364664634e-02
2.792171732566932005e-02
2.792939770367906804e-02
2.803997758461680700e-02
2.800673340725090554e-02
2.803204901827111017e-02
2.809060364659286477e-02
2.816393774314777942e-02
2.826537801593930269e-02
2.831909896089373699e-02
2.842024487833896482e-02
2.850480694361951645e-02
2.879722008256196605e-02
2.900871618977330507e-02
2.915408809946333848e-02
2.947064725968395749e-02
2.969601963775023862e-02
2.991191815989389588e-02
3.016144914129319232e-02
3.063562345496112505e-02
3.098680334868821745e-02
3.136606261110570781e-02
3.202478141749433294e-02
3.271952004549701087e-02
3.377747277457618380e-02
3.482214982657517999e-02
3.614400096777722893e-02
3.741664678342890987e-02
3.847727007363493240e-02
3.938950890303915403e-02
4.032111695438432564e-02
4.157991763352963249e-02
4.315367923089320074e-02
4.468213474049553824e-02
4.638677876184447990e-02
4.788524931254581340e-02
4.901868629702521574e-02
5.006066497468755760e-02
5.067071266938230623e-02
5.164945421445029522e-02
5.233237561005314037e-02
5.330214789277443882e-02
5.417938950823817518e-02
5.495879250013977618e-02
5.593394793838683821e-02
5.732148198733020422e-02
5.879933045989918505e-02
6.047847852315331452e-02
6.233346566454719961e-02
6.419228090870993109e-02
6.656357346635415062e-02
6.859172625515953803e-02
7.057764230504738612e-02
7.188715932581178636e-02
7.341044883034784918e-02
7.449370380854268558e-02
7.497732589758382415e-02
7.507284508235539944e-02
7.449663446958502966e-02
7.404716046478566904e-02
7.318186200300186295e-02
7.300064222596218400e-02
7.334267979366204671e-02
7.351672687588432786e-02
7.398266057683856867e-02
7.453328097911336714e-02
7.520434025552527602e-02
7.549739465218503753e-02
7.591936344473172726e-02
7.621684206750782564e-02
7.708362466208315555e-02
7.723433030054277504e-02
7.751320867230276912e-02
7.783140211823692811e-02
7.791442092805019037e-02
7.839014084923244530e-02
