7.938026348084920025e-02
7.620611114119232865e-02
7.299575293702004197e-02
7.048349168931412889e-02
6.824677175311866240e-02
6.696921429632689271e-02
6.575392070844474079e-02
6.491967883823826502e-02
6.405192003604687212e-02
6.297697927692402775e-02
6.217736530634434405e-02
6.178791924177413214e-02
6.116992623433985254e-02
6.058483844491609899e-02
5.995918456870254903e-02
5.913449875584306237e-02
5.847444290587614640e-02
5.812400223524842591e-02
5.802528675112225698e-02
5.792604796593805311e-02
5.817350850599477957e-02
5.770851778914386221e-02
5.738607145304248924e-02
5.681352615267049738e-02
5.642708797175320645e-02
5.586951620035664201e-02
5.583795758960774513e-02
5.558760042511839972e-02
5.566472481670636102e-02
5.537981533472186718e-02
5.494724877319795420e-02
5.460037561734264189e-02
5.418742144309306868e-02
5.384809113047606816e-02
5.340019244666747295e-02
5.292617781085272310e-02
5.236744973507531653e-02
5.202015407892475463e-02
5.177384454704497818e-02
5.134780335602030094e-02
5.080042564801689337e-02
5.034203822267894340e-02
5.004079749857422849e-02
4.972964908110798221e-02
4.945152806243834076e-02
4.916333608702466024e-02
4.878461817714827703e-02
4.887289430890779524e-02
4.880477309021668403e-02
4.886750062294757668e-02
4.854566760352607008e-02
4.846485700015395331e-02
4.820972916257392632e-02
4.808395704218866584e-02
4.784769996389334062e-02
4.770427904958152859e-02
4.760424732700592465e-02
4.749370289325479527e-02
4.734387146646055339e-02
4.683841257527302654e-02
4.667192885328343144e-02
4.635435873623663938e-02
4.579122071765635849e-02
4.538787838886933212e-02
4.504286581451720506e-02
4.440675361041795249e-02
4.425727258302245004e-02
4.395492583846188211e-02
4.356683201416139406e-02
4.336218275627076735e-02
4.334954671225866446e-02
4.326416116927436079e-02
4.333744341286432933e-02
4.348854692350961892e-02
4.391646243491037493e-02
4.452406782291261356e-02
4.521522087911692550e-02
4.541077728642541056e-02
4.486865364262570405e-02
4.421915000204591772e-02
4.350803188442547986e-02
4.335872966183503679e-02
4.326984751061497408e-02
4.353896392046279623e-02
4.377857938928472747e-02
4.384306217596596611e-02
4.353411004304574144e-02
4.346256067487669350e-02
4.322250761669579194e-02
4.320967705170987438e-02
4.318180905434219896e-02
4.321898802964693059e-02
4.347100066765198501e-02
4.378332079849846931e-02
4.392005024029245475e-02
4.430242905977864465e-02
4.448483146381899261e-02
4.515819351544973770e-02
4.548297686794598033e-02
4.583883447553465523e-02
4.597549304337920917e-02
4.609600753980674925e-02
4.613108599116009373e-02
4.576630297346865467e-02
4.538021630225734515e-02
4.486500346679280632e-02
4.459510098692756608e-02
4.460776856707035498e-02
4.442640754926351770e-02
4.433466144787748947e-02
4.358984285575020351e-02
4.301798013979423602e-02
4.221200907086644638e-02
4.189510089491035871e-02
4.159882908224021153e-02
4.149321177333742394e-02
4.124548492236118635e-02
4.129832659032901115e-02
4.094883091268678582e-02
4.063242724463905775e-02
4.053567457911345928e-02
4.030917107367452956e-02
4.026408651244860193e-02
4.010815165154198864e-02
3.982537800349044560e-02
3.971829002175650963e-02
3.975605802513487719e-02
3.983976811427977771e-02
4.028714567202843627e-02
4.085351919658222752e-02
4.126908669710217109e-02
4.158510849701915757e-02
4.182271756764630727e-02
4.218818958138462194e-02
4.251554528737702676e-02
4.316915310929426292e-02
4.371398881410652748e-02
4.406186979568232909e-02
4.471025523343043900e-02
4.470488714284202164e-02
4.463007444351405062e-02
4.472345860924930444e-02
4.462554649036187121e-02
4.453331707699334507e-02
4.396736441911670845e-02
4.367908944967677232e-02
4.322760498614352381e-02
4.287859142083093322e-02
4.272719995891248457e-02
4.261709775861445559e-02
4.245117267121857607e-02
4.237642384601404688e-02
4.299624516951221220e-02
4.304971472160638857e-02
4.351300524043078682e-02
4.390719953080281235e-02
4.445027606037312701e-02
4.466642408369870393e-02
4.490584296131621550e-02
4.502051947239962132e-02
4.531341304961575278e-02
4.539120327050186199e-02
4.531983106989126431e-02
4.533897842010140011e-02
4.544787702555628389e-02
4.544365341817017956e-02
4.481752647203560841e-02
4.397811540062480234e-02
4.314566339790800592e-02
4.227825346136759171e-02
4.145621712805706849e-02
4.111310160722864843e-02
4.045712472780046975e-02
4.010865246458956979e-02
4.017602922780220270e-02
3.994516989962736825e-02
3.960384228127526718e-02
3.938322117657463289e-02
3.927389980096925720e-02
3.909933203947491692e-02
3.892275333712875290e-02
3.874987943128845730e-02
3.891057605237679268e-02
3.896341658219269061e-02
3.899560583388853030e-02
3.894696719937021379e-02
3.912978175948614995e-02
3.911800215191443136e-02
3.909827540748449237e-02
3.923998181429280696e-02
3.953535782317348091e-02
4.028574040729759886e-02
4.137176908741035247e-02
4.232782665449908582e-02
4.314204575006074655e-02
4.361484725037876459e-02
4.350364286657392582e-02
4.293506733287159177e-02
4.225364836432509569e-02
4.124580245497135728e-02
4.017587712740293415e-02
3.907570243207992428e-02
3.822406104393664961e-02
3.759098486356828722e-02
3.707140718695458442e-02
3.653768469859706991e-02
3.569431913691208103e-02
3.493206810604756324e-02
3.440513111536019214e-02
3.402042325550090618e-02
3.358125702083271380e-02
3.340335433674998522e-02
3.351367905285324023e-02
3.339406216270271455e-02
3.333898098239429508e-02
3.335418143735396912e-02
3.350069677004099272e-02
3.364368149434628780e-02
3.374954688076492459e-02
3.406506880415721000e-02
3.435618190480325268e-02
3.452631107876016903e-02
3.511036608644126783e-02
3.508350367367665812e-02
3.569081790631105366e-02
3.627028036590687621e-02
3.691650873765637414e-02
3.754801680550592935e-02
3.824411435316358437e-02
3.889737102210323594e-02
3.924995367911169458e-02
3.935980218125335883e-02
3.942839556336044660e-02
3.952576828022836414e-02
3.967400421414434691e-02
4.012356274271983853e-02
4.058717286543824659e-02
4.156935820598810921e-02
4.221230040399825967e-02
4.269585822624548388e-02
4.344188308335202725e-02
4.380064628469076266e-02
4.439662028098601693e-02
4.485774104389680939e-02
4.529553401948877706e-02
4.562124917659466511e-02
4.609014445306867241e-02
4.627784352059617634e-02
4.669561785612751093e-02
4.701281853140973355e-02
4.723943212525973795e-02
4.713729673449108815e-02
4.687703801443209028e-02
4.643702916735355235e-02
4.594925079145601582e-02
4.472516255175029709e-02
4.362352520760930108e-02
4.258567891466177174e-02
4.103814690490079770e-02
3.958815632821056918e-02
3.825273120194181559e-02
3.692549932298195420e-02
3.562752378009678006e-02
3.442414467529055638e-02
3.325905296718819487e-02
3.226293413137262117e-02
3.143655575594178631e-02
3.059654899812445927e-02
2.993821255407956225e-02
2.919062179884743258e-02
2.860616297942178768e-02
2.814646402818228588e-02
2.774707321965384776e-02
2.730874788855599047e-02
2.687829792395197981e-02
2.664381088458940561e-02
2.629589219427095823e-02
2.620424243101558692e-02
2.579332839910229019e-02
2.557247580413630345e-02
2.547854259996964327e-02
2.520725302618643388e-02
2.513891548485218050e-02
2.500379388805921282e-02
2.490248035564636420e-02
2.487087215410475893e-02
2.490915982776486029e-02
2.496525467098948889e-02
2.512168075113944271e-02
2.542159379757284732e-02
2.594716395011262625e-02
2.690600593755441972e-02
2.772863543911307030e-02
2.857108752794316683e-02
2.902324241579457356e-02
2.896826343390790370e-02
2.831542023669848807e-02
2.753005468013077980e-02
2.638838082335369720e-02
2.526674447359801567e-02
2.442273172634940037e-02
2.387103982843573682e-02
2.346151871638320341e-02
2.326024612388559107e-02
2.318360487332330258e-02
2.326516302941900732e-02
2.322000919478741862e-02
2.326829985472000581e-02
2.336499251505681773e-02
2.357729754934740837e-02
2.375782810119999450e-02
2.395858717621494882e-02
2.409292468938270884e-02
2.430562303665805696e-02
2.427197413174912721e-02
2.426656257060667843e-02
2.427078754852683359e-02
2.408209470427329774e-02
2.382861340359831992e-02
2.361541438030659301e-02
2.341851641808143092e-02
2.325831685326860618e-02
2.302751046470749921e-02
2.301224213121187342e-02
2.285369313181557019e-02
2.277774840475439017e-02
2.279914114956007806e-02
2.277963127628997858e-02
2.270905649245675076e-02
2.282890651498719128e-02
2.282915807693407240e-02
2.295186710476043376e-02
2.276881863616448190e-02
2.296841333741080418e-02
2.295850839533468413e-02
2.299407563041866789e-02
2.288592532087597997e-02
2.305570898708061631e-02
2.303380044024803605e-02
2.305633382975638343e-02
2.296082533511212276e-02
2.291745631846072578e-02
2.305267601179741832e-02
2.309790558302642072e-02
2.307191596595649027e-02
2.302695304301729390e-02
2.318841402344997207e-02
2.314478567699135639e-02
2.320638301456421845e-02
2.315137528073614448e-02
2.323355484963653822e-02
2.319860584891655572e-02
2.328547472445845548e-02
2.321826991380276581e-02
2.325210697798257495e-02
2.323643452219880529e-02
2.334239539486423695e-02
2.316848715901315831e-02
2.329332312054433959e-02
2.317738286045039828e-02
2.322666129612202535e-02
2.326847284531435162e-02
2.325762873471915598e-02
2.321574588157478483e-02
2.327422164614542308e-02
2.327473915098770760e-02
2.329226781415343062e-02
2.333889664066787772e-02
2.336749474378919944e-02
2.355723488812565269e-02
2.356069577436937026e-02
2.363843762977592758e-02
2.377901852382679343e-02
2.383298938402894987e-02
2.405699693493516464e-02
2.410383355728423771e-02
2.431472687767576024e-02
2.442876520329126735e-02
2.464418746145464675e-02
2.483854606031922138e-02
2.496335307343922408e-02
2.511189093220276072e-02
2.538876396983800673e-02
2.519049149450595590e-02
2.530244385356529221e-02
2.536308786903158224e-02
2.535357997548775069e-02
2.533612724550173695e-02
2.529065104239947362e-02
2.519352666784557479e-02
2.511054965233628158e-02
2.487548273784102870e-02
2.485743323190970147e-02
2.470302186341110165e-02
2.461665524346573139e-02
2.440973273518721315e-02
2.422102498270644125e-02
2.400572472949437375e-02
2.396132975565313725e-02
2.380214169140838429e-02
2.362035018993736968e-02
2.345598313114502509e-02
2.332535819603961946e-02
2.313060348763760002e-02
2.308661281973524090e-02
2.285551790545539697e-02
2.276225065723282495e-02
2.271447848923373314e-02
2.252117743356088844e-02
2.246304993422194515e-02
2.230945410850513830e-02
2.223631900064255984e-02
2.231205405286737151e-02
2.221772608786989900e-02
2.202727039201305900e-02
2.189011991172886210e-02
2.202518749896435063e-02
2.184754380771579060e-02
2.178024323023566161e-02
2.177294665718107133e-02
2.171566710699198571e-02
2.166548601262640802e-02
2.156845486252392460e-02
2.151600027037161439e-02
2.142551434748574818e-02
2.137147698501254758e-02
2.126744403718571971e-02
2.126263645049807430e-02
2.118761159491256221e-02
2.116706703098853587e-02
2.112376133883472548e-02
2.107359783089237520e-02
2.111034478865999806e-02
2.103486872606347841e-02
2.093013695126811138e-02
2.078051786965959269e-02
2.078796726805348660e-02
2.078004894594187926e-02
2.072451842916490580e-02
2.068103219012996236e-02
2.062690446506177874e-02
2.066012927608798164e-02
2.060110261621957151e-02
2.053115244284377250e-02
2.050281755787562027e-02
2.049444027536248894e-02
2.036654745631716334e-02
2.033147436462839908e-02
2.017659975646275000e-02
2.019617459221465655e-02
2.002897656806321147e-02
2.001932492076378273e-02
1.988308284863837469e-02
1.996683050342999005e-02
1.987392696976056708e-02
1.974030797794150763e-02
1.985485375654887086e-02
1.983524487488943014e-02
1.975067341381582867e-02
1.982233538629365327e-02
1.977093708436303970e-02
1.968938993203047869e-02
1.975311584503329151e-02
1.971560423962343336e-02
1.974812481460616609e-02
1.967360802927967806e-02
1.962458504172012036e-02
1.969214240814431624e-02
1.954779979268339227e-02
1.956050850214908002e-02
1.954842853486725082e-02
1.955720939193153485e-02
1.953879896603312460e-02
1.947145900366660520e-02
1.953713337502643518e-02
1.947283473676888685e-02
1.956818208301774539e-02
1.952580642120409216e-02
1.951871474338443685e-02
1.950943168344538778e-02
1.961418072030941470e-02
1.957767593253930544e-02
1.957425155731299868e-02
1.971302556860582769e-02
1.971544413737402746e-02
1.974687092665269178e-02
1.995110483140839774e-02
2.008119450728982486e-02
2.031663464655823759e-02
2.029049815115568575e-02
2.037725426513765231e-02
2.039403173608271211e-02
2.035214599744774797e-02
2.024228105344436784e-02
2.007446965465172969e-02
1.998204886060818419e-02
1.973006777553841865e-02
1.979768157011472379e-02
1.974952512215989026e-02
1.969740664591947826e-02
1.967012604980767146e-02
1.964807448509952106e-02
1.968948125740324975e-02
1.963913315998546197e-02
1.963034167439716912e-02
1.959672294915043925e-02
1.962951834419172925e-02
1.966943835829638998e-02
1.965964078488896885e-02
1.964271273739359377e-02
1.977786398961854999e-02
1.969846640942646276e-02
1.973282601754430821e-02
1.978075346365866863e-02
1.982041309485979910e-02
1.988799478879709273e-02
1.988996415651611213e-02
1.980717552581322607e-02
1.992114470960620887e-02
1.992356314591426508e-02
1.992210574442694615e-02
1.995779125383320002e-02
2.006136414023969999e-02
2.005136457612176001e-02
2.006821258062141747e-02
2.006055442969098546e-02
2.019251795934713309e-02
2.017817114049950955e-02
2.023312257323087865e-02
2.028962813329764775e-02
2.024425778249250643e-02
2.026738329828074031e-02
2.027791092812602017e-02
2.033338374799802464e-02
2.027432795977488975e-02
2.038530648417977501e-02
2.044235815449058774e-02
2.051463862019049442e-02
2.049658588425709582e-02
2.051814811975451180e-02
2.050566194003249423e-02
2.053222838513351148e-02
2.063321938329810284e-02
2.057606382743379023e-02
2.072688521057245575e-02
2.067055009875949992e-02
2.063433291189739963e-02
2.062248580498618131e-02
2.065966712919434581e-02
2.074880632335905986e-02
2.070450960016608638e-02
2.074146210865715489e-02
2.085993432498813721e-02
2.090325418087109893e-02
2.091863675721566257e-02
2.097698749951185798e-02
2.096728595273963588e-02
2.103590466743446297e-02
2.111420426944741677e-02
2.128066618513613922e-02
2.129367597217442926e-02
2.130726809033254773e-02
2.146735219968663386e-02
2.164686630301409370e-02
2.167274532974853077e-02
2.184200360748533506e-02
2.200579839059423060e-02
2.214251214284831959e-02
2.227800301032796179e-02
2.257931842808521758e-02
2.270604585738836972e-02
2.280496659201068296e-02
2.303089544558483900e-02
2.311809604486896388e-02
2.321714183799185663e-02
2.340072929609816887e-02
2.337968637672531436e-02
2.343164727988074347e-02
2.358297873349984863e-02
2.369634757845132111e-02
2.378460790513320031e-02
2.382851994795566128e-02
2.392640296804971964e-02
2.395541025778842592e-02
2.405445383856622682e-02
2.403433230861565587e-02
2.410442662201641231e-02
2.415250057705308623e-02
2.422793620341090123e-02
2.424470911387640107e-02
2.440419039583983582e-02
2.447834446257382210e-02
2.448573493515490002e-02
2.466786902186192398e-02
2.472915530818512245e-02
2.511166434925566487e-02
2.526913811403341120e-02
2.553228153418933208e-02
2.579205301766101729e-02
2.617917793734779799e-02
2.650046857535086342e-02
2.680235017517590759e-02
2.728207643289322706e-02
2.778620254286095007e-02
2.822918610142484408e-02
2.893260864478831851e-02
2.984693420075875195e-02
3.089593293892483467e-02
3.215722909850207006e-02
3.376051834537961011e-02
3.531206508881339773e-02
3.659896673541762624e-02
3.786111999771146763e-02
3.927154927731468098e-02
4.107995251541155662e-02
4.292813806808309235e-02
4.489820220862250633e-02
4.711977166139120349e-02
4.917909866763331417e-02
5.091525774057945736e-02
5.230624225662375976e-02
5.346392383171907209e-02
5.510373662877732226e-02
5.604041114575641913e-02
5.751849627558869998e-02
5.862591968580047053e-02
5.974042711210310330e-02
6.122873102837797510e-02
6.303811392314621898e-02
6.498913773665505877e-02
6.717248203787692939e-02
6.954591698620714302e-02
7.239283687314597426e-02
7.542796095644399568e-02
7.822973066945214382e-02
8.091091125655999750e-02
8.314066649146427401e-02
8.540024727384931680e-02
8.710594719379870232e-02
8.835961481483761704e-02
8.885496705241044402e-02
8.819435170852836514e-02
8.738280898326271362e-02
8.569507678832376241e-02
8.499139034534024251e-02
8.458386589508500031e-02
8.420964098976245482e-02
8.411917539279969991e-02
8.449110494027341212e-02
8.505997936009777882e-02
8.524491275749428165e-02
8.565459230513559896e-02
8.590289005790228971e-02
8.655823318913100084e-02
8.670695898653965616e-02
8.641379077217448135e-02
8.636372257921676177e-02
8.598785138556390428e-02
8.595816559260964496e-02
