6.917258482420041155e-02
6.682974749224124267e-02
6.454755489783849109e-02
6.264261881942020938e-02
6.093381415470456447e-02
6.017394560555549415e-02
5.931997405902180581e-02
5.889476452893536995e-02
5.867488324447371617e-02
5.812644550661367343e-02
5.764262897468781788e-02
5.742393078856351113e-02
5.700567830149156495e-02
5.643191622955431169e-02
5.583935789485115764e-02
5.492502906820432435e-02
5.456178805249254499e-02
5.442760653461291981e-02
5.434350714685641515e-02
5.424039282867848533e-02
5.447399253237226319e-02
5.405132660357863522e-02
5.380675618792573472e-02
5.333076325025379316e-02
5.311458911419249945e-02
5.271477658367330899e-02
5.265674660321668227e-02
5.250437643600800591e-02
5.260560200657965479e-02
5.231641289545656964e-02
5.216092794248235881e-02
5.185003657198110349e-02
5.180875046036292203e-02
5.130471458136725421e-02
5.100230733171184222e-02
5.060100076605328345e-02
5.020047277857535989e-02
5.000337461277263446e-02
4.966520223327450939e-02
4.949195830430994786e-02
4.894969325273120647e-02
4.868639972039778829e-02
4.825560903391307166e-02
4.813672787963169108e-02
4.779429138733327226e-02
4.763540308409996982e-02
4.736058937211889974e-02
4.747684394452713480e-02
4.752963702383352501e-02
4.751823831574996521e-02
4.746552118197396725e-02
4.738455784659414971e-02
4.719091151679775248e-02
4.703885303231988835e-02
4.685724136747901336e-02
4.677406607463677202e-02
4.666603090293239969e-02
4.657906315360938604e-02
4.637696329772673237e-02
4.607132321449834700e-02
4.610988865583779545e-02
4.576934005952322526e-02
4.543869464483351467e-02
4.507539833273779134e-02
4.483777882224896510e-02
4.449674990780393830e-02
4.432929762223642572e-02
4.405682189297994988e-02
4.366677098063528883e-02
4.363619704461385584e-02
4.347987342918289977e-02
4.344288230108450666e-02
4.357872121320639086e-02
4.380294715435231051e-02
4.416360518271321423e-02
4.462547524241559233e-02
4.504697703263321751e-02
4.521066307091954617e-02
4.468424916198856373e-02
4.443215180079877757e-02
4.386465959394868219e-02
4.378735042574265907e-02
4.375076608009938195e-02
4.383574370030322159e-02
4.412744475092622576e-02
4.415822380832680472e-02
4.399469411044761719e-02
4.384015860791866392e-02
4.363872947042077982e-02
4.356221152038499550e-02
4.358097797264737228e-02
4.341343732028599828e-02
4.376241735884623535e-02
4.379656588087342539e-02
4.405342624362967169e-02
4.428449415625082541e-02
4.444764551823187498e-02
4.517128387268266876e-02
4.543692875686001359e-02
4.562458572415843683e-02
4.585406303979355086e-02
4.591496559992344628e-02
4.598688134356591212e-02
4.579524298819328404e-02
4.559860226155474511e-02
4.545141234750594422e-02
4.538236691196953498e-02
4.555515222424259825e-02
4.551971563157628659e-02
4.528490569198229121e-02
4.476314151515389111e-02
4.427006215920234466e-02
4.355468237640467560e-02
4.314023676184122053e-02
4.272317017220328417e-02
4.274717098631666129e-02
4.255517157875263884e-02
4.271333053230445820e-02
4.220289751435279957e-02
4.219017639637547001e-02
4.202843132594131365e-02
4.186795704844713945e-02
4.189539399669833103e-02
4.163547974075584163e-02
4.145541710039544331e-02
4.140306256615702146e-02
4.146923471464738359e-02
4.156357016506320723e-02
4.204487575942139621e-02
4.260004578721628132e-02
4.292603794066005007e-02
4.305582041719867997e-02
4.344571612488866419e-02
4.374966076154274131e-02
4.406877288717695601e-02
4.445559225079559473e-02
4.485953742791774779e-02
4.506549094132337313e-02
4.564621838191219166e-02
4.558121090976240825e-02
4.545049749320025784e-02
4.540351177468161803e-02
4.527912289793053352e-02
4.521293795688355321e-02
4.470916047138308314e-02
4.445934346818729982e-02
4.408639906030550198e-02
4.376312289044043818e-02
4.377711745106473151e-02
4.365178929217235215e-02
4.366173901808581559e-02
4.360269279717489399e-02
4.418417452837231779e-02
4.428823128430478540e-02
4.467138119152134351e-02
4.512466787842258492e-02
4.534916987284340339e-02
4.556927108632287393e-02
4.558138991284860914e-02
4.569630908166186917e-02
4.570779760950858389e-02
4.562402692923903796e-02
4.551904335424428877e-02
4.557371085280072232e-02
4.565003506114342219e-02
4.558347965494532333e-02
4.513760003615489153e-02
4.434426250774456402e-02
4.373427650470505801e-02
4.309767792222025939e-02
4.238630187277738631e-02
4.198615076127037299e-02
4.180283485911242408e-02
4.164100692705351159e-02
4.162796214587618365e-02
4.146854511256759662e-02
4.124860461348195395e-02
4.114205227809358822e-02
4.085788868673264490e-02
4.079531073601697783e-02
4.076943070527872665e-02
4.062490071743845438e-02
4.067043650279792560e-02
4.062368174578700336e-02
4.070302167934691795e-02
4.067535073557813213e-02
4.104745186175950966e-02
4.115126273012233854e-02
4.115590667325190466e-02
4.139265137415878287e-02
4.189047907394445602e-02
4.244717344717730684e-02
4.334044975582754949e-02
4.400876287100347756e-02
4.444714210549158967e-02
4.458880388969627129e-02
4.440272436703811276e-02
4.399818979341179465e-02
4.324045992934389543e-02
4.233525703673728102e-02
4.147339319298896931e-02
4.058820746876707491e-02
3.974207612062461564e-02
3.897390333091360626e-02
3.850494173624618294e-02
3.817374833321431765e-02
3.772966877950641174e-02
3.723714540105341891e-02
3.692614571086606096e-02
3.677974175473282259e-02
3.661129683149019765e-02
3.636650298123884212e-02
3.655687712308599430e-02
3.651475596074359870e-02
3.655602484941010422e-02
3.676517298592371641e-02
3.690113006902080717e-02
3.702617077548280011e-02
3.724320156826193412e-02
3.754073600823493867e-02
3.773980653919075529e-02
3.805382385719048577e-02
3.851947804341781384e-02
3.866252518517891007e-02
3.915600126234192874e-02
3.962418345632667815e-02
4.016337583500623892e-02
4.073684283117810778e-02
4.129546222981504700e-02
4.193728678015197497e-02
4.236371253809066706e-02
4.269296998573882812e-02
4.290784292887079437e-02
4.314764820466002876e-02
4.325836636183857248e-02
4.359682345429794631e-02
4.384499939734700508e-02
4.453924690879562664e-02
4.511647428078621735e-02
4.548776857339882629e-02
4.623791327745536278e-02
4.649959639152045215e-02
4.698923148026951796e-02
4.739765271034056954e-02
4.764205605219017092e-02
4.807146254949610370e-02
4.845455549374289017e-02
4.840838222465538437e-02
4.873438407802838795e-02
4.878115551577749676e-02
4.868810175372348392e-02
4.842756217756081366e-02
4.820914047948356151e-02
4.773339711805745650e-02
4.714418332059181621e-02
4.619036313875417993e-02
4.504430069307872181e-02
4.414187925891281672e-02
4.262695895853303718e-02
4.163130261367238572e-02
4.029726186257998055e-02
3.905502305784055994e-02
3.789830335079358292e-02
3.673998466904120769e-02
3.579085346251585642e-02
3.474430808216718430e-02
3.391172845881936654e-02
3.330096383911543972e-02
3.261407988537504132e-02
3.209918872093486114e-02
3.143325652645363733e-02
3.106631452893347800e-02
3.057340510066946376e-02
3.030417312365172797e-02
2.987674991612158243e-02
2.960899236365106130e-02
2.921467314465386877e-02
2.915907055704220971e-02
2.880743903582633214e-02
2.846508017747980887e-02
2.836863883453871402e-02
2.817739634816133348e-02
2.808237652291408273e-02
2.792055174092791456e-02
2.782356868425388957e-02
2.788896271085441678e-02
2.789313101655955390e-02
2.783348006203729616e-02
2.796354661414523352e-02
2.819931319110201631e-02
2.873119737542316476e-02
2.944053191277327952e-02
3.014142705987469736e-02
3.075859244506538165e-02
3.116758317634107586e-02
3.090194045190846478e-02
3.039849795113873029e-02
2.966373862259654923e-02
2.857209459576648750e-02
2.768266703101516721e-02
2.706049951567148643e-02
2.650846632944361611e-02
2.617728793164977863e-02
2.595684321735098471e-02
2.588521471652367734e-02
2.583885589383781364e-02
2.598848794855046843e-02
2.603130234180454222e-02
2.611275693954420024e-02
2.624182506303162840e-02
2.631940794493878646e-02
2.650073785061252130e-02
2.659148935571882533e-02
2.675153282744070424e-02
2.673870429119723502e-02
2.664008300836582036e-02
2.660523793424488317e-02
2.648152135035109281e-02
2.622804342789354995e-02
2.606645301081577867e-02
2.595447238702250012e-02
2.570583536318528026e-02
2.556948847321835819e-02
2.555748698054068069e-02
2.527195979264780859e-02
2.533817596867117203e-02
2.527313616475972483e-02
2.519637515759776472e-02
2.521647530474066881e-02
2.529690356054425243e-02
2.522514565239523249e-02
2.529732103435468338e-02
2.520904002285945245e-02
2.533274070427134553e-02
2.531370267575550753e-02
2.534904888098790665e-02
2.522759594636332647e-02
2.541414772616884532e-02
2.540567637207469601e-02
2.543468793537696782e-02
2.533976701454697389e-02
2.532962996868270630e-02
2.537443348328219730e-02
2.551827886981738319e-02
2.553856374189235334e-02
2.548146450703765720e-02
2.553708440181029146e-02
2.562540995048148348e-02
2.559368919872447370e-02
2.567192663495023591e-02
2.573768236021180961e-02
2.547569873721311495e-02
2.566271750693592882e-02
2.561735598928365290e-02
2.568515387665395652e-02
2.567934516972418188e-02
2.563550813415061552e-02
2.564288375767855357e-02
2.563807174125362978e-02
2.559447373827876404e-02
2.564005512895142433e-02
2.561832743875630883e-02
2.562401293828978424e-02
2.558341298054471469e-02
2.575106664229213221e-02
2.569734746115933874e-02
2.555352775777917917e-02
2.560419441427380996e-02
2.563610622271233347e-02
2.577668810159737880e-02
2.584907870057402690e-02
2.582155695759646985e-02
2.598179688361364897e-02
2.593628716672395640e-02
2.621689777021153286e-02
2.622881238327334774e-02
2.641652812858020019e-02
2.652893444887559349e-02
2.660133579298673556e-02
2.678900892030217779e-02
2.689029961054179713e-02
2.710007806664316982e-02
2.731967554486209801e-02
2.722201751575183126e-02
2.722898685993371121e-02
2.724819203618996863e-02
2.729855163751748748e-02
2.729473586706583979e-02
2.721134882284332451e-02
2.710585359495836996e-02
2.705673568139041821e-02
2.697386856730060040e-02
2.681292641514810768e-02
2.667236879499246260e-02
2.664866280831423850e-02
2.651529208829749365e-02
2.630195995489398308e-02
2.610136779048883790e-02
2.608476652309227317e-02
2.598589576542262997e-02
2.584629998780103508e-02
2.560336261769980901e-02
2.541754939024177401e-02
2.537027874183578335e-02
2.523773301374399036e-02
2.516731504033281608e-02
2.492616810509849443e-02
2.499010336498591958e-02
2.473300173771052907e-02
2.463413310567073508e-02
2.462465894862403068e-02
2.452942875327541322e-02
2.451726450398354282e-02
2.440433232191803470e-02
2.432871763674830656e-02
2.416445347675923866e-02
2.426241839270319375e-02
2.406174716922946863e-02
2.405077744986054353e-02
2.402730932842055134e-02
2.407337471667212944e-02
2.393470657108701105e-02
2.389265601562098190e-02
2.384151553890726666e-02
2.373234520929089555e-02
2.371935338364470486e-02
2.363945864872525268e-02
2.359733146723089203e-02
2.356235698874866238e-02
2.359770565679871618e-02
2.344797317287757726e-02
2.346735633933091578e-02
2.345493398224438725e-02
2.341632599118641592e-02
2.340543275947415749e-02
2.336425603706025061e-02
2.319787038569828125e-02
2.329306374521596806e-02
2.316161306372390219e-02
2.307491156056819606e-02
2.306217701882630824e-02
2.308141493043038700e-02
2.299641918006533475e-02
2.303166592539878862e-02
2.300119635794946674e-02
2.294151421777989100e-02
2.294754253526445562e-02
2.283161673259540350e-02
2.274564246847576854e-02
2.266535929204673006e-02
2.255733497593838399e-02
2.251100009758675788e-02
2.255824351004130993e-02
2.247495115328447535e-02
2.240197957786375232e-02
2.231095161194127097e-02
2.240278328765206092e-02
2.242124722081191568e-02
2.227891227624712381e-02
2.237791263540666806e-02
2.240124485544616947e-02
2.228020639954481769e-02
2.227605935051523225e-02
2.219171953839500083e-02
2.226249708724170259e-02
2.220471382337967439e-02
2.211002103019816048e-02
2.216813439556045151e-02
2.205076995199985526e-02
2.209589155533550620e-02
2.200549673997040726e-02
2.207866703082819737e-02
2.203271785605831826e-02
2.198551512344202111e-02
2.195621721291894299e-02
2.199916007848147503e-02
2.201520910271705794e-02
2.202473901325984265e-02
2.198031233143294197e-02
2.202678067972130282e-02
2.205789719687146697e-02
2.210541536130931212e-02
2.207381411991494666e-02
2.209608605130851042e-02
2.216634864361149634e-02
2.223665767840808660e-02
2.235818867341603233e-02
2.248374977883110110e-02
2.269389163387969949e-02
2.267172422012012425e-02
2.273226933241543485e-02
2.276495512881256816e-02
2.269291208328427095e-02
2.252080108806249134e-02
2.246961266220073167e-02
2.227014384431853788e-02
2.227175531857983684e-02
2.220768017656418389e-02
2.209995384612367317e-02
2.208186420824343257e-02
2.208818893507743381e-02
2.208843808244917786e-02
2.215288233784807118e-02
2.207910647657445463e-02
2.208514944255219811e-02
2.204718963192370609e-02
2.205536586410599201e-02
2.223138575776416673e-02
2.213743893040700378e-02
2.209798902290329922e-02
2.218777709227321912e-02
2.219311475055450039e-02
2.224869811149330495e-02
2.219493010795749177e-02
2.226659054129268359e-02
2.221834583344258623e-02
2.236371939834832373e-02
2.217174263881515825e-02
2.231306350538313915e-02
2.229514036298577834e-02
2.235625834065519887e-02
2.237727880378567388e-02
2.241438588983859712e-02
2.237448013563371821e-02
2.247594765101680950e-02
2.247072016704944677e-02
2.259261130255192651e-02
2.260945683660475769e-02
2.260426260554379563e-02
2.264114081628492217e-02
2.264046082168581775e-02
2.269230239288557924e-02
2.268844993916628583e-02
2.276394640422813725e-02
2.273826272982381810e-02
2.272010529587388528e-02
2.278144391198358432e-02
2.287215804122283425e-02
2.290771519920775309e-02
2.297464216166571552e-02
2.298623931769240222e-02
2.297901125222766641e-02
2.301234743564760030e-02
2.294705966889530949e-02
2.304711264293920689e-02
2.301462102058596249e-02
2.300759453655339126e-02
2.300002967526939418e-02
2.301320825505065448e-02
2.306762198862682620e-02
2.303660610256809751e-02
2.309448931643219224e-02
2.325978602994001679e-02
2.327093181493961049e-02
2.329886710520003013e-02
2.323690869589120980e-02
2.330272269820699710e-02
2.338065635584870433e-02
2.341820774212328635e-02
2.349015697583911946e-02
2.356868284494066657e-02
2.356547646785142613e-02
2.370386270715078153e-02
2.388625709208782102e-02
2.388212135166784336e-02
2.411692681493021392e-02
2.424643540751174678e-02
2.432487437351024684e-02
2.448801923018726137e-02
2.470902443689893327e-02
2.482244869216784777e-02
2.493463219535954969e-02
2.505229975736711703e-02
2.517840098922611430e-02
2.513355080777153125e-02
2.520926876854025223e-02
2.525770270734271211e-02
2.531240368874106139e-02
2.545488835803060013e-02
2.553277525732415912e-02
2.567210620292905907e-02
2.570044925994127011e-02
2.567985179996909451e-02
2.577845764779781307e-02
2.578565969096653990e-02
2.584449387228230505e-02
2.591060553891527327e-02
2.597761555564488678e-02
2.598722494780169798e-02
2.600644311816474943e-02
2.610375045210642717e-02
2.618720420034369861e-02
2.625197188372357243e-02
2.637535635234719913e-02
2.650771655825276754e-02
2.683956451672116564e-02
2.706671627548032019e-02
2.728227611798707264e-02
2.750928117165950954e-02
2.774635081115484764e-02
2.806860251912168466e-02
2.834854823082572084e-02
2.884957944503872135e-02
2.918485897730838108e-02
2.972770306038150998e-02
3.048703816968084679e-02
3.142143018008101973e-02
3.265657609154323099e-02
3.396747584247133966e-02
3.552429938869704901e-02
3.689805384762930018e-02
3.788711781540294449e-02
3.887760060915142896e-02
3.997076937664115204e-02
4.125618526681529979e-02
4.295685203205323877e-02
4.449906519558245732e-02
4.641083244911992783e-02
4.806504637795058765e-02
4.944634482395825897e-02
5.049118614499497476e-02
5.131595691182427171e-02
5.230456598406398733e-02
5.280137707360411936e-02
5.383048274010084067e-02
5.463230847358209463e-02
5.546122007249809638e-02
5.655109082629702216e-02
5.804465211336596459e-02
5.972294945447812614e-02
6.156456408842512357e-02
6.361795486423729717e-02
6.572110498954437940e-02
6.854634051340299794e-02
7.110642465909267074e-02
7.351674727495631501e-02
7.535241123716579503e-02
7.727315564778393375e-02
7.861848146880152932e-02
7.938083346232809034e-02
7.970993546642257677e-02
7.939786644207683097e-02
7.879339780651174741e-02
7.783294969986095935e-02
7.753468314605507783e-02
7.764694912339652200e-02
7.778530502548966497e-02
7.799669242080441156e-02
7.869452193372596105e-02
7.912369744251823711e-02
7.940733384553937124e-02
7.980613807849516739e-02
8.008000170919227223e-02
8.061590184649777835e-02
8.067082000992228941e-02
8.079345894551973051e-02
8.077961913076382727e-02
8.084264166459104173e-02
8.113353974535296442e-02
