6.870283614334367350e-02
6.600986711525407002e-02
6.318365935185009385e-02
6.091516097539717567e-02
5.888708127135409282e-02
5.781360867509721668e-02
5.704234987127538431e-02
5.652313525914202941e-02
5.636771305509207658e-02
5.613639552816990924e-02
5.609707698131974341e-02
5.639240846627804199e-02
5.593207596888823824e-02
5.513646288775955057e-02
5.398195505785502446e-02
5.243627595094464688e-02
5.158413707904827006e-02
5.127350377011721805e-02
5.100787568457326726e-02
5.089984749192461716e-02
5.098620541812151630e-02
5.039928279610392942e-02
5.027364572551577815e-02
5.002851923233706671e-02
4.994672307171949682e-02
4.938273266099747760e-02
4.937979237892344692e-02
4.908176109811090981e-02
4.915763654398794258e-02
4.903253129107643105e-02
4.887631762786474876e-02
4.872999647107632143e-02
4.837112703416589221e-02
4.810321526046707624e-02
4.778327921636845582e-02
4.722788048062848132e-02
4.692098632996345720e-02
4.650343467622402444e-02
4.627472940003401342e-02
4.602506570962435622e-02
4.561229028534685703e-02
4.541365945323341813e-02
4.527528561813609631e-02
4.496092409041764493e-02
4.489866886906600935e-02
4.462521711811516523e-02
4.441462393330773695e-02
4.462488578401137967e-02
4.447382962335039158e-02
4.458390414285102327e-02
4.432583389766213411e-02
4.444808699875246044e-02
4.433532920979011555e-02
4.423325152509464259e-02
4.426071456754634981e-02
4.430316874460187015e-02
4.432941962981459816e-02
4.420630023722595114e-02
4.394631510624417287e-02
4.362472835787543912e-02
4.342321467952181546e-02
4.315176113497860844e-02
4.280038611702449008e-02
4.259463525291479896e-02
4.239739503775523388e-02
4.205448074270523584e-02
4.201314775969013787e-02
4.201343393365106205e-02
4.165888545616365513e-02
4.170824255143257275e-02
4.167191485539026297e-02
4.143438608075981217e-02
4.167739638116856049e-02
4.176569319947016218e-02
4.203077639552928180e-02
4.249234127535736483e-02
4.276557182212587654e-02
4.277208394196072017e-02
4.247632416475032729e-02
4.225745708557329672e-02
4.189185430957007017e-02
4.174758130239718257e-02
4.162778570217186280e-02
4.164996459651701399e-02
4.162495576997711499e-02
4.157938527079224622e-02
4.147455038330900845e-02
4.139558557603104094e-02
4.120179756607606630e-02
4.114646788184665033e-02
4.116570373620714873e-02
4.124621059173358417e-02
4.132030357140396848e-02
4.144473215296917007e-02
4.159285730268368064e-02
4.173023713587824951e-02
4.202102330052152890e-02
4.250279324096103983e-02
4.270975634064618637e-02
4.295526091541111008e-02
4.305769497942765062e-02
4.321146454908980639e-02
4.333600345634766593e-02
4.316537784629283919e-02
4.333737022240530257e-02
4.353217150431506338e-02
4.381937437485124848e-02
4.451015221974621155e-02
4.479966586325975081e-02
4.482907440856797460e-02
4.412048238894161062e-02
4.326146595404958828e-02
4.224217970257212323e-02
4.173515568294805522e-02
4.128129219735100081e-02
4.133271091289406757e-02
4.091463860037075628e-02
4.117969991242393518e-02
4.079133664962819594e-02
4.093238430511053627e-02
4.084779598790475030e-02
4.069227003858618547e-02
4.049961691623738674e-02
4.019314504284689921e-02
3.987747154031529018e-02
3.972631022216348978e-02
3.977205194919296999e-02
3.968298264350879345e-02
4.006916903479471048e-02
4.033391801541441612e-02
4.061218313602619340e-02
4.084294099811457829e-02
4.110426502432058121e-02
4.131004660874228879e-02
4.164623460371832259e-02
4.182486330603819163e-02
4.210318078057776608e-02
4.216061156964072409e-02
4.241664838927316356e-02
4.218807916075694581e-02
4.200817059074896803e-02
4.195938435847058195e-02
4.163277060454238787e-02
4.161032680647142046e-02
4.117713284620514586e-02
4.094404878231010236e-02
4.066774949987550514e-02
4.041482532845605546e-02
4.050914438995680683e-02
4.049545492850188666e-02
4.044990722005757655e-02
4.046999775860234128e-02
4.108951696199346360e-02
4.145356487950677127e-02
4.209494705333070158e-02
4.261412047506668577e-02
4.307719925163468883e-02
4.332522283128947133e-02
4.319322796513325874e-02
4.292672888755461741e-02
4.269850586312632507e-02
4.237612457471574834e-02
4.223745393198859860e-02
4.228324063571892166e-02
4.234125913954449316e-02
4.233981204864358666e-02
4.207919529082395499e-02
4.140166916869618408e-02
4.102690139234121264e-02
4.070104585333084168e-02
4.023049229711538055e-02
4.005498197916265019e-02
3.990538097309378335e-02
3.960754768268502646e-02
3.943346237694638629e-02
3.915342489737199533e-02
3.875354036031564836e-02
3.878521414809543710e-02
3.877714735808847346e-02
3.863366161774606927e-02
3.860880526742854063e-02
3.845459162353015437e-02
3.841129921602891989e-02
3.828982023325427225e-02
3.813428208169471201e-02
3.801381677581175400e-02
3.823847109609924966e-02
3.843119399425781041e-02
3.853985093840513187e-02
3.861157841268038349e-02
3.915929195929183926e-02
3.946695795324982325e-02
4.011734591056054927e-02
4.036291985785196712e-02
4.057874698878031344e-02
4.057900736280223297e-02
4.047179201781337526e-02
4.019327101080823889e-02
3.987582711082388043e-02
3.921974909141538040e-02
3.871549373004162797e-02
3.816745481943164403e-02
3.777354755521283858e-02
3.741101264908643087e-02
3.715225465368090368e-02
3.714035043574619860e-02
3.694566353148672627e-02
3.646873170928949942e-02
3.629224450285143538e-02
3.604160412196032170e-02
3.584350884871396331e-02
3.563900423435140130e-02
3.572650745417682572e-02
3.577757001839167866e-02
3.582111089027040923e-02
3.617729924247373857e-02
3.631786988620014367e-02
3.653542053533897355e-02
3.676926484036559944e-02
3.709300687577814226e-02
3.739226051206290952e-02
3.766769096343207390e-02
3.818618486923937988e-02
3.825429753943317135e-02
3.871140961597428765e-02
3.914972364423055518e-02
3.954317472109191572e-02
4.007996660211038398e-02
4.060328230591812859e-02
4.144585198723173269e-02
4.217880395852174891e-02
4.276879954442280862e-02
4.319331629461843625e-02
4.333465851777707628e-02
4.317874932917940833e-02
4.292718554863386021e-02
4.270994320708870057e-02
4.296222271471647480e-02
4.317397785267871463e-02
4.325960600299346565e-02
4.366911536741485689e-02
4.387638494306094622e-02
4.434258690399368180e-02
4.478471088802171013e-02
4.495978083846749462e-02
4.527925135163927278e-02
4.548412380136586386e-02
4.529811767486015966e-02
4.563025212952874499e-02
4.537512794803716387e-02
4.510362861498633941e-02
4.465835181505541790e-02
4.437148683404229521e-02
4.395738121999132053e-02
4.348650505539598810e-02
4.258938131275031430e-02
4.180427325045771303e-02
4.102388140165926650e-02
3.986004750132555313e-02
3.888920314978528553e-02
3.792925358103171191e-02
3.710364298899226226e-02
3.630055741464021518e-02
3.543201656300486863e-02
3.460512476521653003e-02
3.398770362801564748e-02
3.336850597368168359e-02
3.282887476607567606e-02
3.235468178145203821e-02
3.184074285865801102e-02
3.136661635623984312e-02
3.107712439159081644e-02
3.065018381546071036e-02
3.050345224438747935e-02
3.014087625560472883e-02
2.994734548532895779e-02
2.970340398390134556e-02
2.963706750390057015e-02
2.937546319625183866e-02
2.908389838557101995e-02
2.904660201754287463e-02
2.890481028704460637e-02
2.880508889945255016e-02
2.863574902677852932e-02
2.868422938056731236e-02
2.867950583069879197e-02
2.881266716758130314e-02
2.887223787767925418e-02
2.896819283273635234e-02
2.930844738086653758e-02
2.985768106261496926e-02
3.080947598278128627e-02
3.165902984900072908e-02
3.238869708662853175e-02
3.289705702150640121e-02
3.270312740565105292e-02
3.230158185800892368e-02
3.149199981670994242e-02
3.030739672314690034e-02
2.920725461483637819e-02
2.847039028931477173e-02
2.798921014309879024e-02
2.762893926115290652e-02
2.738409693622066710e-02
2.728695829421857663e-02
2.733734840576119290e-02
2.744557305352142082e-02
2.755377364780395300e-02
2.763458150112014372e-02
2.792802932731680565e-02
2.811042914961587105e-02
2.831574537748614631e-02
2.850411510541313309e-02
2.872187108789393470e-02
2.873852079355375747e-02
2.866718387277426838e-02
2.855399004151961545e-02
2.845810262141629937e-02
2.814807379804503892e-02
2.792774291410302090e-02
2.778812994847673287e-02
2.751637773031483797e-02
2.737036583450172533e-02
2.730861947111041035e-02
2.711805440328442229e-02
2.713357375795961979e-02
2.702867464369860737e-02
2.702968170306702805e-02
2.700385882319225259e-02
2.709732858024244476e-02
2.706958669081219182e-02
2.718653677060138205e-02
2.710392338260584136e-02
2.721369418338158777e-02
2.723596237766089806e-02
2.723446317209683720e-02
2.715243781799880560e-02
2.734346558157600693e-02
2.736147617696753007e-02
2.743001836781668035e-02
2.729886444500622886e-02
2.729052200214389379e-02
2.734285055278989213e-02
2.754081364902074766e-02
2.750944341967187859e-02
2.744779990379160942e-02
2.760667359335280957e-02
2.765957005214923770e-02
2.756433015496808497e-02
2.769605566063838495e-02
2.765242688568466528e-02
2.755568552783213207e-02
2.765673684509419722e-02
2.764569839872029269e-02
2.766408832183174168e-02
2.764091565841617776e-02
2.758229138549221637e-02
2.759846111039187047e-02
2.764490776528328447e-02
2.752690448286437483e-02
2.758342978837549642e-02
2.760318382800494574e-02
2.765646354414958916e-02
2.766356591558076505e-02
2.769523494039186767e-02
2.767097932158964560e-02
2.774419172172214870e-02
2.778100620135857957e-02
2.782973575539041122e-02
2.794557558862122842e-02
2.795437555323480525e-02
2.798722515151797971e-02
2.815055840676558216e-02
2.822008765941051711e-02
2.845883715185653501e-02
2.850319045392394474e-02
2.873432269321392687e-02
2.891971404658137332e-02
2.917166611335097332e-02
2.931650065349772002e-02
2.945053936256149599e-02
2.969976705236348699e-02
2.995726353142422888e-02
2.985316037975100159e-02
2.996685842082906157e-02
3.002296511169973842e-02
3.008411803792822650e-02
3.004873186013490294e-02
2.999642236425228981e-02
2.989682103567217059e-02
2.994771115195265371e-02
2.980930221226458371e-02
2.963803038414379240e-02
2.950787147272534994e-02
2.944044514657490411e-02
2.929048107153272434e-02
2.911773209668047993e-02
2.884816068884838922e-02
2.879417242877257629e-02
2.870396497568348387e-02
2.864786986528121068e-02
2.845337795589120491e-02
2.832280955519581381e-02
2.819187143469474924e-02
2.809351109535383403e-02
2.801569094063785167e-02
2.791765301128852975e-02
2.794436276134078939e-02
2.766878500193581045e-02
2.769428055509246325e-02
2.762730189737738068e-02
2.755224130531559734e-02
2.761624690429760609e-02
2.767839085829474494e-02
2.749339287689156822e-02
2.739846929036249615e-02
2.749640039784971221e-02
2.736012756250782996e-02
2.740298932141310012e-02
2.737395453388462296e-02
2.752152067270728988e-02
2.737294832766299160e-02
2.742554115199767259e-02
2.732944906591933121e-02
2.736865543250189409e-02
2.735565733155474744e-02
2.726771868320789632e-02
2.730250950855002412e-02
2.732237399697107216e-02
2.743701170781200072e-02
2.733418459215977009e-02
2.727773797942080816e-02
2.754213804069394547e-02
2.741412815425618016e-02
2.730601688217105735e-02
2.729951519538669630e-02
2.729532963376521057e-02
2.726027039991680417e-02
2.716215787057112835e-02
2.707836016077825800e-02
2.721762809334970362e-02
2.719664783574985562e-02
2.716761170933824215e-02
2.717734298266515428e-02
2.707399977435261812e-02
2.717380587923445834e-02
2.715151091540296546e-02
2.711117171682130012e-02
2.708285806639098431e-02
2.706852598438319948e-02
2.705789165972075083e-02
2.699727365137691987e-02
2.699514154409221600e-02
2.698606635815432517e-02
2.686755075033469067e-02
2.678491520141875609e-02
2.687149083525123411e-02
2.696911059563438656e-02
2.686780925333664971e-02
2.687598686227036029e-02
2.692005521275817742e-02
2.681490129000422412e-02
2.688570305501111757e-02
2.683748964419604630e-02
2.689766218835213177e-02
2.688724858568876386e-02
2.684896721954025539e-02
2.684535532884706199e-02
2.676484255129621750e-02
2.678485282161912132e-02
2.682427831022075534e-02
2.675407913968302215e-02
2.680277868306673097e-02
2.688741592504132610e-02
2.682733208679007053e-02
2.686283909214247367e-02
2.697960401088734736e-02
2.699210560483989926e-02
2.705219529521854169e-02
2.704470262418719531e-02
2.706347559500676611e-02
2.720575662339152698e-02
2.709114661597088192e-02
2.719290705076750359e-02
2.732984270682946304e-02
2.736372100405080887e-02
2.753348232384312741e-02
2.773399046065600643e-02
2.797297984871482610e-02
2.806127618590461767e-02
2.813391069541590697e-02
2.818812699093184437e-02
2.822984760469797461e-02
2.795775633272866434e-02
2.787625741611083480e-02
2.788207202613199667e-02
2.774189196733133425e-02
2.780278609526580513e-02
2.778368133379112079e-02
2.762822587829803431e-02
2.767282501590114310e-02
2.770756642146463000e-02
2.778471100920593129e-02
2.775980921078622515e-02
2.775638151036392484e-02
2.780409422375095321e-02
2.779625522020229625e-02
2.801196989968121956e-02
2.791589840892307051e-02
2.798274453231801989e-02
2.809809514910516226e-02
2.806203437544848786e-02
2.816504767414294494e-02
2.818231658091848585e-02
2.830304966871946548e-02
2.829641582005688188e-02
2.838379139351178762e-02
2.829918726235616799e-02
2.835010243190072901e-02
2.843701395132273296e-02
2.851446923952729792e-02
2.864080366878489839e-02
2.865712856037345643e-02
2.870296525631889015e-02
2.880515617318919058e-02
2.874739789046673599e-02
2.890322149348004480e-02
2.893782129617731777e-02
2.898682781146299028e-02
2.901244972963641297e-02
2.900738361982415150e-02
2.914819103108092641e-02
2.912510650580861157e-02
2.916475869721629061e-02
2.916444616946787388e-02
2.927995454354533414e-02
2.932922080474129056e-02
2.934551668776956557e-02
2.936425141869686284e-02
2.948263151139008872e-02
2.942507385913326404e-02
2.947484908696490144e-02
2.959804693467502426e-02
2.949856879522320952e-02
2.966185156450670130e-02
2.965378826636511089e-02
2.963781724265951087e-02
2.959671200478431602e-02
2.966425793862208574e-02
2.972289251776549096e-02
2.970279061788070468e-02
2.974719985317161516e-02
2.992006191146314581e-02
2.996455621469044928e-02
3.004445232446058267e-02
3.000969717988430374e-02
3.004999334573862924e-02
3.006725602290126129e-02
3.013100795482110544e-02
3.026375369694716752e-02
3.034927733131755068e-02
3.040879899865749081e-02
3.059922512650656290e-02
3.076810318329382607e-02
3.082027800851671120e-02
3.104772425782718545e-02
3.112186818678367578e-02
3.120083004983876737e-02
3.123989065761404935e-02
3.148087832002539888e-02
3.162485278148916001e-02
3.157400886714887417e-02
3.180858952110661442e-02
3.185843914102939878e-02
3.179605979555209794e-02
3.203354527397025975e-02
3.203738192222380793e-02
3.214781419334050705e-02
3.219889195016377437e-02
3.235217051771897834e-02
3.250087252426262646e-02
3.257797682225203884e-02
3.261994014764392491e-02
3.270448348771407693e-02
3.281654677816647769e-02
3.271467387174235159e-02
3.282348663866144212e-02
3.290131253326460808e-02
3.289597074667465620e-02
3.293170946413877254e-02
3.303228200799923631e-02
3.310293628160673046e-02
3.318697953747421631e-02
3.330428609837304821e-02
3.346494169682372871e-02
3.375392201597381125e-02
3.398859782043665845e-02
3.410125079144129406e-02
3.437782100512421640e-02
3.459622473503486811e-02
3.479019193371021140e-02
3.505092798053129066e-02
3.558094903575964585e-02
3.584289911476378626e-02
3.612556381479799933e-02
3.677113369648725427e-02
3.748274947736608687e-02
3.850744873165574955e-02
3.942222475047858082e-02
4.073936922799985955e-02
4.183058838115901595e-02
4.259678583086284887e-02
4.315550052374113321e-02
4.375636633711739443e-02
4.462774527034294586e-02
4.566766419752146117e-02
4.667755892885383506e-02
4.795511944432088308e-02
4.908955318809588714e-02
5.009253350994362364e-02
5.104936132650964714e-02
5.170037680929472079e-02
5.275863678003998858e-02
5.315202849151650505e-02
5.397581832155127352e-02
5.458650895922066704e-02
5.505448843193741504e-02
5.589038797624349547e-02
5.696141926543291795e-02
5.797606529371625295e-02
5.906293480473485957e-02
6.038475910865488683e-02
6.164314714356726455e-02
6.332398075834992646e-02
6.469128302154728005e-02
6.608765300894686723e-02
6.717644607949865843e-02
6.856027952063929731e-02
6.925309618561976965e-02
6.983337204621099803e-02
7.035461468425509290e-02
7.023630423594078021e-02
7.014479001048924689e-02
6.967791422174143823e-02
7.011953427461567467e-02
7.056485890145787476e-02
7.087873906977544547e-02
7.146155208707094530e-02
7.213133126299119124e-02
7.288050221420890040e-02
7.340510001687433617e-02
7.396012970348476989e-02
7.468494292585484140e-02
7.581476399125186560e-02
7.630514430377730029e-02
7.707199987588395085e-02
7.793948602303586715e-02
7.840955157283639732e-02
7.924088038844576132e-02
