5.040072855655103323e-02
4.921465982913439396e-02
4.793383494586460347e-02
4.700880105852944801e-02
4.608680833215364481e-02
4.575906034181469878e-02
4.534233699337628098e-02
4.529300298849175954e-02
4.561444849922766109e-02
4.596786325426883979e-02
4.642596047896396794e-02
4.675938693033381000e-02
4.646670785519210756e-02
4.565895014614774344e-02
4.452709978989966705e-02
4.307863418475988554e-02
4.225519127915690343e-02
4.195715721612071347e-02
4.171702554388347084e-02
4.151592066257070446e-02
4.155868504404674341e-02
4.123036030222223397e-02
4.115783335306533869e-02
4.120940246024606957e-02
4.129895673506620707e-02
4.123823271880774216e-02
4.125685547692448107e-02
4.120907977524053412e-02
4.155073669080200371e-02
4.166063630428970543e-02
4.173749242014498928e-02
4.189322263207784919e-02
4.210032004836433001e-02
4.209985788152618980e-02
4.222630541171889379e-02
4.211113050348640890e-02
4.204712015423024696e-02
4.207069657840557114e-02
4.204039035431494237e-02
4.212745314376661193e-02
4.201272440126720825e-02
4.207384896103442962e-02
4.222147430544700292e-02
4.231939185487762489e-02
4.223496179646472198e-02
4.202377125683146725e-02
4.162693430843365100e-02
4.158209793682554611e-02
4.143456551700158003e-02
4.135094229820222150e-02
4.125871043720458903e-02
4.142972772694643313e-02
4.157410407880593461e-02
4.179128870544276259e-02
4.192983161727512759e-02
4.208032062874050155e-02
4.208011757752235654e-02
4.208621642880998326e-02
4.203077801903263438e-02
4.207170847164982269e-02
4.246750287037228538e-02
4.292918238346524196e-02
4.337038228213485613e-02
4.411164433284177344e-02
4.475450028151020665e-02
4.508710986698911960e-02
4.528246337536993849e-02
4.525148980769096857e-02
4.456569073962151489e-02
4.437137070490754231e-02
4.416122707996923691e-02
4.459839643956133026e-02
4.632657978944404453e-02
4.860199006324904952e-02
5.106448543721821970e-02
5.313417436275714306e-02
5.418060950031666767e-02
5.411413110356681072e-02
5.245589571705681908e-02
5.023834265531870735e-02
4.787249744947339597e-02
4.632864524370926967e-02
4.518753387552430778e-02
4.457861090313677138e-02
4.423923465117507448e-02
4.396837794402640859e-02
4.365389303322870368e-02
4.355471528638861500e-02
4.339078480069523402e-02
4.345870465301041735e-02
4.365307551546381698e-02
4.378954333447473979e-02
4.411693476430814803e-02
4.441614522783203511e-02
4.469763377655031761e-02
4.503907840863495549e-02
4.528497033877316308e-02
4.591000013026371590e-02
4.602233024013442642e-02
4.612668539904026671e-02
4.630726368001985421e-02
4.651101631025019584e-02
4.690372706987686741e-02
4.742902275179726457e-02
4.833348569387600074e-02
4.956341366291960870e-02
5.105446791670097129e-02
5.315004791366047948e-02
5.471493615374682651e-02
5.664748671120035245e-02
5.886139584091918536e-02
6.280080825116511611e-02
6.859128195146169116e-02
7.593588489845408407e-02
8.196351803594420504e-02
8.571711216844637993e-02
8.545594614327169103e-02
8.206670720102310357e-02
7.361315609428056850e-02
6.383941501017040276e-02
5.621326347004440560e-02
5.161121396777852005e-02
4.905712190858814437e-02
4.760975128674444640e-02
4.677036130811853404e-02
4.645510494350523628e-02
4.652301336269928228e-02
4.628130995008096493e-02
4.623215891042713882e-02
4.595581288264948688e-02
4.525853456991537488e-02
4.464024524320062831e-02
4.410455513320301474e-02
4.371552843354482160e-02
4.337051290157609151e-02
4.296303289281740156e-02
4.290131825025653850e-02
4.273850029765554476e-02
4.310289670264127321e-02
4.308398464958206053e-02
4.311316064980567908e-02
4.333604948448108174e-02
4.365101922142504420e-02
4.393312801620256197e-02
4.405029025250918606e-02
4.421622302385323777e-02
4.436194979034494001e-02
4.462886958005369414e-02
4.499599163018838666e-02
4.526458945881955270e-02
4.545057301933499300e-02
4.560644254096792027e-02
4.609884528092069583e-02
4.594624110702028030e-02
4.613712644109258659e-02
4.631200942203109877e-02
4.642197805507621705e-02
4.631008715374020784e-02
4.608396375863386268e-02
4.544168544732715698e-02
4.494043320912025768e-02
4.425545571925402349e-02
4.381929083559817084e-02
4.364652339858950819e-02
4.360495545162310083e-02
4.354168435123077774e-02
4.331996381326669310e-02
4.307726192938846066e-02
4.296758887490080558e-02
4.282142137979481900e-02
4.255265718873181557e-02
4.235060201848230704e-02
4.201094932604838156e-02
4.164927867363830971e-02
4.143992616771908361e-02
4.113119261207480448e-02
4.084957789675019990e-02
4.103720199770861249e-02
4.097576000139580704e-02
4.109984525201938049e-02
4.099938898174924212e-02
4.060737838458672311e-02
4.048368766609020120e-02
4.022027060015933436e-02
4.011576727758838640e-02
3.997887598812623761e-02
4.019750392530559852e-02
4.063993803612960670e-02
4.115415840468715503e-02
4.204117095643494090e-02
4.326151777065754406e-02
4.437345488000484645e-02
4.537719301750265527e-02
4.568592849476627027e-02
4.596021481538689613e-02
4.574095119541802396e-02
4.537839338834696867e-02
4.487502581448527678e-02
4.431770953408979002e-02
4.358274751888652904e-02
4.286095501478467268e-02
4.230289982082652972e-02
4.193534261235640909e-02
4.192176594777168031e-02
4.262702951665321704e-02
4.443003843153167653e-02
4.731101143244858392e-02
5.166605291136168454e-02
5.784548938264876677e-02
6.403340777699509379e-02
6.906234412343861817e-02
7.177399212665562522e-02
7.193000867093476969e-02
6.830027904237255532e-02
6.192682774067585771e-02
5.526245140252095123e-02
4.958214446681453308e-02
4.563465947244488979e-02
4.302139431951857579e-02
4.150406246105122626e-02
4.057292356829679536e-02
4.001643563719761709e-02
4.000997191419590482e-02
3.955596691583602997e-02
3.962596259429634893e-02
3.976599341584964586e-02
3.999434322109748224e-02
4.033471740230575031e-02
4.096802619397721390e-02
4.176153714761250690e-02
4.240520417677830917e-02
4.257790977961067175e-02
4.246443046350156791e-02
4.202495288104914073e-02
4.107111195464522441e-02
4.049631784574174442e-02
3.968381753157792374e-02
3.955722312111339956e-02
3.945086039900133623e-02
3.926374902657263355e-02
3.945030903292215396e-02
3.942976110779784077e-02
3.962147397314692843e-02
3.984564544461708518e-02
3.986775698780683358e-02
3.998918115486313485e-02
4.021226825160841012e-02
4.022602562483115762e-02
4.064968105431331080e-02
4.096936951371807356e-02
4.129707060503818444e-02
4.127876836812139488e-02
4.122109545177204959e-02
4.067932216682209473e-02
3.992460234094321464e-02
3.882944171179993770e-02
3.797729195598850693e-02
3.725718328853402928e-02
3.641928415306121963e-02
3.584636766777170303e-02
3.521483583324033773e-02
3.468643909967836225e-02
3.420284565698664125e-02
3.359957700523753116e-02
3.323864183022642166e-02
3.281572509895264167e-02
3.248642603606740481e-02
3.222592615230052138e-02
3.187896717672008412e-02
3.162817963872814608e-02
3.141228466378211820e-02
3.133594756566092376e-02
3.121822092597175205e-02
3.117688701680513402e-02
3.099464973761196368e-02
3.099132716044968039e-02
3.072951652948285178e-02
3.083552432612359298e-02
3.055973251335574598e-02
3.035025814830526539e-02
3.026668646582222899e-02
3.012830249225480900e-02
3.004221770982778289e-02
2.986132517679745274e-02
2.986347894505242753e-02
2.984832436839646511e-02
2.985939122265918177e-02
2.983384226944776202e-02
2.978204917731771748e-02
2.980993136990092718e-02
3.006794382205865701e-02
3.041937016031283705e-02
3.071646208380050119e-02
3.102574259460864209e-02
3.119407871783086428e-02
3.106306263563595946e-02
3.081034693131873628e-02
3.046342464092769917e-02
2.993014492886982708e-02
2.941888249124237353e-02
2.910370186979888141e-02
2.886401396786399468e-02
2.864461463866399896e-02
2.851678813881191460e-02
2.845310390777297527e-02
2.847897705239622879e-02
2.849953815588429987e-02
2.859211254111638373e-02
2.865888363757267132e-02
2.878552873239214813e-02
2.887722484980844578e-02
2.902836761049072678e-02
2.909092557145267349e-02
2.925607746464010950e-02
2.924503032802208691e-02
2.913257977558580611e-02
2.915534840158867658e-02
2.894764688610666770e-02
2.878414138722801274e-02
2.872100278226541806e-02
2.853473110281313715e-02
2.829277613223126972e-02
2.817995090172467978e-02
2.812222946733680326e-02
2.797790272355714716e-02
2.792532173711964952e-02
2.779494466247155182e-02
2.771363809584509105e-02
2.768576357314444028e-02
2.771761415490994404e-02
2.759725598675430089e-02
2.763366411063137781e-02
2.756182243165580456e-02
2.762583554246745079e-02
2.760858988680877507e-02
2.772707274533442456e-02
2.757130190263974365e-02
2.781730645700035073e-02
2.784226366326019581e-02
2.792658729235391463e-02
2.777863911676616698e-02
2.776785824273229203e-02
2.786239764035111643e-02
2.787457863904146613e-02
2.792501212074817094e-02
2.782738272446174527e-02
2.796680556563951175e-02
2.806509190980826032e-02
2.812185392051578040e-02
2.823090460445732905e-02
2.828101987207059728e-02
2.816266111744108319e-02
2.823094803737843245e-02
2.807959772798594364e-02
2.809569479971878517e-02
2.798065532336264233e-02
2.785810920911563349e-02
2.779635247687514341e-02
2.769847631415981587e-02
2.751139716534272209e-02
2.743615534641541051e-02
2.733045465785989211e-02
2.717369579813605149e-02
2.710443264335846147e-02
2.710287430091726582e-02
2.691515712360122506e-02
2.691141148862018218e-02
2.685297919055518873e-02
2.683979755270545636e-02
2.689558958608178479e-02
2.689800208485075908e-02
2.691962626171085990e-02
2.694409847825800577e-02
2.699891551006115484e-02
2.726349400293230640e-02
2.739276867585282299e-02
2.758423835067381341e-02
2.781175740602555638e-02
2.814141983858281515e-02
2.853110963576407574e-02
2.880339771825450590e-02
2.921764850190546395e-02
2.959567778159299251e-02
2.955578374600995734e-02
2.975274123841919680e-02
2.986094371827736904e-02
2.996773539252639562e-02
3.001646043081448653e-02
3.007323731874752409e-02
3.032902396123541081e-02
3.070232049326600265e-02
3.089317442079707321e-02
3.119622412069573969e-02
3.133562377434579577e-02
3.146332760730610745e-02
3.127457344427942570e-02
3.086947233184686792e-02
3.025752498407159596e-02
2.982586559207715121e-02
2.921037843943649626e-02
2.874503112214865305e-02
2.816311209439253255e-02
2.780918197599125188e-02
2.751719879532363300e-02
2.730221468000428378e-02
2.711299855810201179e-02
2.684829686905743085e-02
2.679240075033568341e-02
2.655652339167248813e-02
2.640134971011809384e-02
2.626064494176762187e-02
2.623027032229711605e-02
2.621173285643278381e-02
2.610079305314241122e-02
2.602553628463438740e-02
2.581281011343532217e-02
2.593098937564016285e-02
2.581239267036756352e-02
2.586125190052010470e-02
2.588240418803258031e-02
2.599261274405598870e-02
2.598702675047301347e-02
2.607048278756653528e-02
2.609421884051862234e-02
2.619441653130588285e-02
2.633430737877470729e-02
2.643240923444098098e-02
2.661341367923578116e-02
2.677515523026638422e-02
2.710588177202018917e-02
2.728198484172522989e-02
2.768107673309987832e-02
2.816360443298845245e-02
2.857408346094592738e-02
2.899649446013249574e-02
2.947922822697649284e-02
2.991114555955293880e-02
3.035520454226959403e-02
3.044428314585474749e-02
3.051671052297681014e-02
3.031189306505678235e-02
2.985651430244453536e-02
2.930053014492455671e-02
2.865655059489191983e-02
2.802854641592114268e-02
2.758596475095178094e-02
2.722126201918046579e-02
2.691540818536288307e-02
2.666759342572035119e-02
2.652180419305301753e-02
2.636384322415874504e-02
2.622725092629862517e-02
2.613403280737746151e-02
2.607492891346830516e-02
2.590792608209051620e-02
2.571758136611478063e-02
2.565503872387728951e-02
2.554025922502698928e-02
2.538791236613235913e-02
2.526498234302396867e-02
2.523734439265013993e-02
2.506095752688575207e-02
2.504089525351545220e-02
2.490520672724825732e-02
2.493777050634955750e-02
2.488603590887666223e-02
2.482188128855401799e-02
2.480461278301418493e-02
2.470172578135943278e-02
2.473338069313954155e-02
2.474298591247627715e-02
2.476092727276237027e-02
2.480818273890301323e-02
2.488120427166575985e-02
2.496504500102500121e-02
2.506786058381823071e-02
2.521794776761275905e-02
2.537892408269635039e-02
2.549506584116141561e-02
2.562346055861397173e-02
2.575076621395814072e-02
2.581159679869803047e-02
2.578994316231195474e-02
2.585335572292673384e-02
2.590423244328407537e-02
2.593197979831925182e-02
2.610115134763238420e-02
2.624445641746827804e-02
2.650415787914479904e-02
2.656698391504819234e-02
2.669578240767773655e-02
2.675666451626889861e-02
2.676382648663932010e-02
2.662605450712178870e-02
2.655556302528074702e-02
2.664455622318404743e-02
2.656720010092646772e-02
2.682588726670833562e-02
2.716283369583749607e-02
2.731863991230051511e-02
2.760319389497259412e-02
2.778239633573639442e-02
2.792877735544746498e-02
2.770995323857919704e-02
2.748863578080246520e-02
2.712994425764979692e-02
2.671658281817353847e-02
2.654354067627137312e-02
2.622311990055800623e-02
2.587248340030486385e-02
2.579865830425294784e-02
2.560228357997770821e-02
2.554075516230415455e-02
2.539803142870480229e-02
2.544318095996851367e-02
2.538839779205611172e-02
2.537445450064771540e-02
2.525594815492276587e-02
2.531854093647497791e-02
2.530295650894958531e-02
2.534315262257986687e-02
2.536250327826339648e-02
2.545943650041853495e-02
2.549162899728279683e-02
2.563581546744074860e-02
2.565668600176073885e-02
2.585122897856159327e-02
2.596611797076747372e-02
2.606083183882267756e-02
2.620564052233905275e-02
2.631246770235400392e-02
2.645264238318197764e-02
2.652981459215992058e-02
2.677977927886392509e-02
2.687801052021956960e-02
2.708859434676900990e-02
2.743805560668492391e-02
2.785034598275513973e-02
2.825932732944745618e-02
2.876433791945897864e-02
2.932041762168943397e-02
3.001391689180790689e-02
3.072684941686708651e-02
3.146039159643614080e-02
3.232505108777972841e-02
3.294870833048108016e-02
3.338727075129371835e-02
3.369509420010138867e-02
3.375560517352586137e-02
3.343006102284370312e-02
3.280367295630408353e-02
3.199650941718834574e-02
3.130896561695716007e-02
3.041158462755379904e-02
2.957267620034555178e-02
2.875751402284355829e-02
2.826274085528701976e-02
2.780691444201948900e-02
2.752611531936247774e-02
2.735904451396626094e-02
2.713084183151000597e-02
2.706823505692383669e-02
2.714854408850021425e-02
2.713250162844542054e-02
2.701187110198847302e-02
2.714374918953708568e-02
2.718660795616160974e-02
2.706470243163453318e-02
2.694311581182409765e-02
2.703891727386871502e-02
2.698171242759295901e-02
2.678069551565276721e-02
2.678949964620928187e-02
2.666213776032137425e-02
2.651599174579259352e-02
2.653547852083071659e-02
2.642895966951563230e-02
2.632688937300080995e-02
2.647057543899862878e-02
2.642212329450542574e-02
2.652107587240268641e-02
2.647164296192507787e-02
2.644154994492958072e-02
2.645069747239527091e-02
2.656086962390625042e-02
2.647957037527539845e-02
2.664845177979808730e-02
2.671635916379124301e-02
2.677933508875131319e-02
2.686528112797803569e-02
2.693116510808410066e-02
2.703469192613954311e-02
2.706162210987847136e-02
2.709863320541470999e-02
2.712507333870164961e-02
2.727677964703435765e-02
2.729226912880989078e-02
2.738742498001151340e-02
2.755619622712706870e-02
2.766050115996709913e-02
2.787838718463163390e-02
2.817507457842987825e-02
2.867279085009720105e-02
2.905320504671310075e-02
2.957303619908335790e-02
3.055006283447880833e-02
3.172727499452517724e-02
3.350181004534633078e-02
3.541409317527936113e-02
3.765151086991013613e-02
3.955816263810617295e-02
4.079104016754344503e-02
4.123658675261695356e-02
4.154406124620809576e-02
4.185834539718739228e-02
4.240423825775339189e-02
4.322447478274021176e-02
4.444624434434810145e-02
4.575972927480996544e-02
4.714947422389865334e-02
4.861804379917972901e-02
4.991095767242469117e-02
5.149346830804415326e-02
5.256575896161128081e-02
5.377143027853844431e-02
5.434466355904044033e-02
5.478022266170220339e-02
5.525665897138953842e-02
5.577741746105072118e-02
5.630917975641595852e-02
5.665864380807023037e-02
5.717644105034840052e-02
5.779138322641139136e-02
5.872428479023833470e-02
5.938267106959229519e-02
6.023385164220688981e-02
6.058902058224602954e-02
6.121742460489348892e-02
6.126009467975435802e-02
6.098898555139317668e-02
6.048517189500184771e-02
5.957499686946677447e-02
5.875994492184646867e-02
5.778359262065869278e-02
5.728350828118432964e-02
5.695202479016657493e-02
5.638779179109899148e-02
5.590312883386992782e-02
5.543023080494287325e-02
5.497861215540721797e-02
5.452829791038833057e-02
5.415397349777431590e-02
5.365763612912579500e-02
5.371626863337676527e-02
5.327103667446329155e-02
5.303603775975760520e-02
5.278779186870677376e-02
5.271524539496805217e-02
5.288968343446941861e-02
