7.536118979718213484e-02
7.225889787580772050e-02
6.912849282053830369e-02
6.697152942142539644e-02
6.526455163718378194e-02
6.447641855840134661e-02
6.349494770780397812e-02
6.294052188098984979e-02
6.259145184574242682e-02
6.195772041200504898e-02
6.126654466781120134e-02
6.090736964543486814e-02
6.016313427555991522e-02
5.934497268883393711e-02
5.857818113985822223e-02
5.766824828435173494e-02
5.716795558046927628e-02
5.702999957924839020e-02
5.684612240520924009e-02
5.671535189415012612e-02
5.669034988447533424e-02
5.616420884912360495e-02
5.584732103141349518e-02
5.562691221088399141e-02
5.550241817731010191e-02
5.504485494927192912e-02
5.500800253398212269e-02
5.480672754276581793e-02
5.481992658710607008e-02
5.438916057696747269e-02
5.404251271845884191e-02
5.381264487446692224e-02
5.357635381818384723e-02
5.303446789369439807e-02
5.263138118930034415e-02
5.207447722489870479e-02
5.181358329190670353e-02
5.144312870881894567e-02
5.123704554485721679e-02
5.085969184590114628e-02
5.019484599053897905e-02
4.978334115250223485e-02
4.958198341243481161e-02
4.930301940133855615e-02
4.915418874490464635e-02
4.910819715178833811e-02
4.887594745164450249e-02
4.908465170304685682e-02
4.908035675885770444e-02
4.906638753343475767e-02
4.875726102443313226e-02
4.862580915641633722e-02
4.837475329404589824e-02
4.830256949285221396e-02
4.804367167151982199e-02
4.795598706124636762e-02
4.786820741840336346e-02
4.778614996959671540e-02
4.757019840174019076e-02
4.722542895742560393e-02
4.705516293378391585e-02
4.669538506104015108e-02
4.628837458918400732e-02
4.598648546885896610e-02
4.579430117438673675e-02
4.519461965454981550e-02
4.500343329849255253e-02
4.466499562212286611e-02
4.428022509510224497e-02
4.428049497693135189e-02
4.428481698687655038e-02
4.420518095146589582e-02
4.450599753744009790e-02
4.479716276039254208e-02
4.533359285245084497e-02
4.605624145678494791e-02
4.615569076142751748e-02
4.567334386159881132e-02
4.499807887645571047e-02
4.458968145328283395e-02
4.419605993073989075e-02
4.440797567226384412e-02
4.441762175337164720e-02
4.447985940211954259e-02
4.454444044477564452e-02
4.437234166021243598e-02
4.411066968770660512e-02
4.400834707553366587e-02
4.376146842663983239e-02
4.383515285475364509e-02
4.378352516800089467e-02
4.371168675971152245e-02
4.393010863699994828e-02
4.418952029030307621e-02
4.443099249502064502e-02
4.458090181485711151e-02
4.486254905562130080e-02
4.546485839100292137e-02
4.575552425805701900e-02
4.607738995030271484e-02
4.617655366840194703e-02
4.596983914396928633e-02
4.590820951053584814e-02
4.560667115976623637e-02
4.543406078899765027e-02
4.540853244992747173e-02
4.551436904988209742e-02
4.564674696328750031e-02
4.538976685717029114e-02
4.502327738710629884e-02
4.408925704452983096e-02
4.357252404670766688e-02
4.284911278994587430e-02
4.261680888172229842e-02
4.241950641064912153e-02
4.239416028180380963e-02
4.221737738628304065e-02
4.226213545119181930e-02
4.189818658210192615e-02
4.174816735891904995e-02
4.149253141160701153e-02
4.132958372029374439e-02
4.127608877257216841e-02
4.099747663326907404e-02
4.087089034929532183e-02
4.084131518192507526e-02
4.112373240744621183e-02
4.126702060212635026e-02
4.180138798199815181e-02
4.216289624187299218e-02
4.247915057626578533e-02
4.254291586739390035e-02
4.276300733191570197e-02
4.314955450162025197e-02
4.362665911973220845e-02
4.401766415059422261e-02
4.438037199842950753e-02
4.455415311303147219e-02
4.499992746489923923e-02
4.486436281163444506e-02
4.464226524197671686e-02
4.465025768252415400e-02
4.443764685989649160e-02
4.423431296509505728e-02
4.393740041579925759e-02
4.354384474388905968e-02
4.318885324373131912e-02
4.298199825344065778e-02
4.305162187674781843e-02
4.293841426542424622e-02
4.293586867796101575e-02
4.293391874021766641e-02
4.338374478116397565e-02
4.352785139930356179e-02
4.381277439637827620e-02
4.419425247576915655e-02
4.451184542512977294e-02
4.463131248015137637e-02
4.462850062920046407e-02
4.454002173530665493e-02
4.456771007965815157e-02
4.452932688744041384e-02
4.436564089876481043e-02
4.447570206703101159e-02
4.440952966756570031e-02
4.405394713069574891e-02
4.345211210839929061e-02
4.275802733331690586e-02
4.201568900038112064e-02
4.143306699405829852e-02
4.094837456272039378e-02
4.064428195226067048e-02
4.054706778734295386e-02
4.037757533791414000e-02
4.051801707217363852e-02
4.027648559585102900e-02
3.981220143397311284e-02
3.974843233303732015e-02
3.940972093724872533e-02
3.920885369304213247e-02
3.919461680769284473e-02
3.902260110414271926e-02
3.903819817859208174e-02
3.907730707085466798e-02
3.926311720913436276e-02
3.916245805717920303e-02
3.939717942766529646e-02
3.963545064907766924e-02
3.957357986256000715e-02
3.997333087151634656e-02
4.064746892082595625e-02
4.123795426011916954e-02
4.199467908249297082e-02
4.264612441648003849e-02
4.284500612394941121e-02
4.258347687146980115e-02
4.226227833811642409e-02
4.159810594892806440e-02
4.085568257475458154e-02
3.981105187141975588e-02
3.899323365107577183e-02
3.810596091942468344e-02
3.728713614279070832e-02
3.688082454399928267e-02
3.645877952110345571e-02
3.604610050675231131e-02
3.568683465593075477e-02
3.519641928267894931e-02
3.507350902150906807e-02
3.486737231958147998e-02
3.491575861007504417e-02
3.472470440032236066e-02
3.491112060183724358e-02
3.487329145379629292e-02
3.492610033736770481e-02
3.515365743388114417e-02
3.527500778610730831e-02
3.542080582425520541e-02
3.572852042930391159e-02
3.603366112542956412e-02
3.621826074222406211e-02
3.655289270611732783e-02
3.709639319620479381e-02
3.715236015778523165e-02
3.774374734545136306e-02
3.824615263640392115e-02
3.879085456005188642e-02
3.939564419762060787e-02
3.988804506674344802e-02
4.060085772153495393e-02
4.086445691593053320e-02
4.116337700142311956e-02
4.126004912386502244e-02
4.154632183082265090e-02
4.178077602042237770e-02
4.221900989068650550e-02
4.269873981748702196e-02
4.339144621451281741e-02
4.382023755267185766e-02
4.402974161330185793e-02
4.451643226005129461e-02
4.478956381847037233e-02
4.512467992463811001e-02
4.558799415409801187e-02
4.580945458888745908e-02
4.616913450821648335e-02
4.657332220800868006e-02
4.654463468984414154e-02
4.675825447599350759e-02
4.680633360607078935e-02
4.655418761140336231e-02
4.632181859725319900e-02
4.589972176456409009e-02
4.543769749528330654e-02
4.465743711572976726e-02
4.356344242152702939e-02
4.252307075119574065e-02
4.153356957760870327e-02
3.995780982266550208e-02
3.882245537947918296e-02
3.775508575306472242e-02
3.639605952862768473e-02
3.538712003909790654e-02
3.431948473230653218e-02
3.344748518886180716e-02
3.253311903009434292e-02
3.187896568867757546e-02
3.128046852561455066e-02
3.072953225437031685e-02
3.013355621785124977e-02
2.964471937674272722e-02
2.926191607875283651e-02
2.890581479996284786e-02
2.870944023198122169e-02
2.826847618475785903e-02
2.806236206616831430e-02
2.770835199694813775e-02
2.774121727509016450e-02
2.739529139082567608e-02
2.715393348031827983e-02
2.708062643113464535e-02
2.687777294413317905e-02
2.685045570453136604e-02
2.671727345575858684e-02
2.680459624111159941e-02
2.686882884051255971e-02
2.702592233324616067e-02
2.723295481660821526e-02
2.751330156480137970e-02
2.797910327567712865e-02
2.900095450809067263e-02
3.008203598798480510e-02
3.100350807132532666e-02
3.154953917399420243e-02
3.180428609921486655e-02
3.130161704232852643e-02
3.036524794563201859e-02
2.922616506705799297e-02
2.786839352015792540e-02
2.687485851096304765e-02
2.611799412925968483e-02
2.572898448131877985e-02
2.540384148908347503e-02
2.528654387491761912e-02
2.521073020887057772e-02
2.525382148312120892e-02
2.541533230556562370e-02
2.548840804637502247e-02
2.560932525015725478e-02
2.581400759131008069e-02
2.604558782188553731e-02
2.617816179720411709e-02
2.628449964724876783e-02
2.645355030937659307e-02
2.633985276642679396e-02
2.614904570433636277e-02
2.616366559560251784e-02
2.590677407148067948e-02
2.564291200969389881e-02
2.540631041573125290e-02
2.536562975533146469e-02
2.506284745866635411e-02
2.494422957843099239e-02
2.487713383196047193e-02
2.476593830459302217e-02
2.478594537114096538e-02
2.472930284907454840e-02
2.468318162014930192e-02
2.468123278824663897e-02
2.481243536331323093e-02
2.480778365442960764e-02
2.497306371140977158e-02
2.486143180742431125e-02
2.493028495236966624e-02
2.490482527894485182e-02
2.496301119627266155e-02
2.490886417350531012e-02
2.506139640298216120e-02
2.504308289649865779e-02
2.509253317608031025e-02
2.497866527975357853e-02
2.496214356886838556e-02
2.499077147416298855e-02
2.510589743341714447e-02
2.506421883622814498e-02
2.501485066430952919e-02
2.515252441050526075e-02
2.516008184863779626e-02
2.516604227350397252e-02
2.521012220931424450e-02
2.524189093803316797e-02
2.511734135140723453e-02
2.515045139830428961e-02
2.511921069709507903e-02
2.516235923950256928e-02
2.514595568217973739e-02
2.520789353089682508e-02
2.516815389476643322e-02
2.522082592495576009e-02
2.506892486202528039e-02
2.505099264723040578e-02
2.515102324840518336e-02
2.516356374295337581e-02
2.507623041168026770e-02
2.522003519863332682e-02
2.518013299404076033e-02
2.519327763811309712e-02
2.523889642857351026e-02
2.526142855460219994e-02
2.542539496736367921e-02
2.552074642679920055e-02
2.556424014640665959e-02
2.569043557466748826e-02
2.580323772840941929e-02
2.608645987206835784e-02
2.608528430439667825e-02
2.628755957620005843e-02
2.639275797966688861e-02
2.669109586295584369e-02
2.674344485978791611e-02
2.691024852865593273e-02
2.711435301324595371e-02
2.726903514126220729e-02
2.719553107324748989e-02
2.725176582914146106e-02
2.722902916220057423e-02
2.728214675319338284e-02
2.723895919626587170e-02
2.712610992773133514e-02
2.696151233136651060e-02
2.691895632251284018e-02
2.677265903562317875e-02
2.661555002449349575e-02
2.644698685842317154e-02
2.641536405717217692e-02
2.626701846005282184e-02
2.614294641623489401e-02
2.590559261744327171e-02
2.579558792044845186e-02
2.572219047163812680e-02
2.563757836291017875e-02
2.531174135952627552e-02
2.528832674382086587e-02
2.513188894042603372e-02
2.501362679310365281e-02
2.485551579500968819e-02
2.476485264509894341e-02
2.470255586386801636e-02
2.455648932945442980e-02
2.454866920332211822e-02
2.438042647459260151e-02
2.441160100492819132e-02
2.439327074440829704e-02
2.434712805643370059e-02
2.426578299468839378e-02
2.410948061623885766e-02
2.428063952019186497e-02
2.404306078411562811e-02
2.401612855286714907e-02
2.403595678339594949e-02
2.402556317963912627e-02
2.393565344671155087e-02
2.390983846500067955e-02
2.383448598285084485e-02
2.373466859321016892e-02
2.369218075086333697e-02
2.362734843423932793e-02
2.364659278076040178e-02
2.360012240127376537e-02
2.360031742627659648e-02
2.358430480234307083e-02
2.354639348976768007e-02
2.358981351185478539e-02
2.354910034967690885e-02
2.342424529809524272e-02
2.338223351220735866e-02
2.332285399052761235e-02
2.333224208952182702e-02
2.320276796063890090e-02
2.321953544463906116e-02
2.324795137332508199e-02
2.318488502217763009e-02
2.327402654225060874e-02
2.319502676214700923e-02
2.321376260950923712e-02
2.318500805128318257e-02
2.304826924091744889e-02
2.296465399729045662e-02
2.288591570796125879e-02
2.283347364229556392e-02
2.279694513876974124e-02
2.263142771453332050e-02
2.265458272003652990e-02
2.270096676432912033e-02
2.261674366860621024e-02
2.260912357176321150e-02
2.262621306548380853e-02
2.261872696694052290e-02
2.259758637634664072e-02
2.260195266817010412e-02
2.260364206792332339e-02
2.251548175807359040e-02
2.255342909438047549e-02
2.253661363133658072e-02
2.252804472885937617e-02
2.251889639608816579e-02
2.249102967028158637e-02
2.242974734184682156e-02
2.242211854193002646e-02
2.238626252755790066e-02
2.245916281786236937e-02
2.237037031667504436e-02
2.239138861200283895e-02
2.242232375330636615e-02
2.236250246438377387e-02
2.240983577213321448e-02
2.250925263211635968e-02
2.241691503434514732e-02
2.237369597894484433e-02
2.247567783859175106e-02
2.249972773649132687e-02
2.265259723753253879e-02
2.260258594438618179e-02
2.269360756877192298e-02
2.282097261350559542e-02
2.282908048712238569e-02
2.310160774806942555e-02
2.330078508247134667e-02
2.344921748438653919e-02
2.348349761427518875e-02
2.351788350768025879e-02
2.354470773090294386e-02
2.344667763073526520e-02
2.315973385145551205e-02
2.301989084492403470e-02
2.296842990106529037e-02
2.278380114124330807e-02
2.282841132660931235e-02
2.276177005187323549e-02
2.270364343495205259e-02
2.269387778172450576e-02
2.267837319489083084e-02
2.274439765951867531e-02
2.267720019387158004e-02
2.270478371904333798e-02
2.266258827410590551e-02
2.267998096987490844e-02
2.283445009658747679e-02
2.281856901826756837e-02
2.275526197879130380e-02
2.288769623637692055e-02
2.289545547581056661e-02
2.291883725899531224e-02
2.280190747970596218e-02
2.291680035094261284e-02
2.298406498639135251e-02
2.300225664298774161e-02
2.290540711211866420e-02
2.307325990216508443e-02
2.309798175753176308e-02
2.307706420124876201e-02
2.315056621093452421e-02
2.312036303486431424e-02
2.314318656161873725e-02
2.318552642673786870e-02
2.325891181704473412e-02
2.329385532037206094e-02
2.336713184775099025e-02
2.337661367103748347e-02
2.350410062788542073e-02
2.336852090059520284e-02
2.342883736510891976e-02
2.347983214874908506e-02
2.356361348791570845e-02
2.345287961954344372e-02
2.357706362031405239e-02
2.358514531027107106e-02
2.370369473892623355e-02
2.365452789551386603e-02
2.371024093132117691e-02
2.366577003109066740e-02
2.371945425113574160e-02
2.373992205266940367e-02
2.368839212883436587e-02
2.377490026258539599e-02
2.377136911931983232e-02
2.381347001940560190e-02
2.380870269494854766e-02
2.382834889153488678e-02
2.380217531152718780e-02
2.387377383205267420e-02
2.389516379348638475e-02
2.398688336206364694e-02
2.407074332412193970e-02
2.409675399360537359e-02
2.404110346310340401e-02
2.409384160462171853e-02
2.411503278004002368e-02
2.423723959259293723e-02
2.430739007797616535e-02
2.437615399014653877e-02
2.436597967758978925e-02
2.462453730988604580e-02
2.482782593211368266e-02
2.476237628606127450e-02
2.499200619400129136e-02
2.507398307405839591e-02
2.517153152237170885e-02
2.534935185712943254e-02
2.555860867726256550e-02
2.570488491447306748e-02
2.568835222708253790e-02
2.588115507883760949e-02
2.596656500210310983e-02
2.601694382935276079e-02
2.607775522660924286e-02
2.623332471231499749e-02
2.629548433198267837e-02
2.636852421624946013e-02
2.644663341844449150e-02
2.656700002023254861e-02
2.662225265370183128e-02
2.669087425603771518e-02
2.665991564650652124e-02
2.672682443636745925e-02
2.659662818482314353e-02
2.675957556917315724e-02
2.676890983916313874e-02
2.681005475522319284e-02
2.676786150949747589e-02
2.689571323997676233e-02
2.701999302099288708e-02
2.710314518595605127e-02
2.725760229226397227e-02
2.725435259102552965e-02
2.761898802585666113e-02
2.784106573700704385e-02
2.806416073918115150e-02
2.825703493699212310e-02
2.859489583118969211e-02
2.881321159222616918e-02
2.912814801946140772e-02
2.966873438351318518e-02
3.000484930397869301e-02
3.042933141225591734e-02
3.131490078826353746e-02
3.221523538388935265e-02
3.320932861680852416e-02
3.444595056435052760e-02
3.568597818561828477e-02
3.693453499515079314e-02
3.804162497778084545e-02
3.906374987436826013e-02
4.047447981983023912e-02
4.220964625555607280e-02
4.407021733798888175e-02
4.558524714537982164e-02
4.722707128596485143e-02
4.856165552341881742e-02
4.972639307223249150e-02
5.070832694695354831e-02
5.139508305488247469e-02
5.251444299621265549e-02
5.308679994580960126e-02
5.427726807600560116e-02
5.514125445468910647e-02
5.609836191423253626e-02
5.738268886576936012e-02
5.904602854350964047e-02
6.092391124228051930e-02
6.285138996286590563e-02
6.522843386085812323e-02
6.731185816822231327e-02
7.026220341601771557e-02
7.247164364847251405e-02
7.483757736790988546e-02
7.651562095340319614e-02
7.831983132808999215e-02
7.915608760115463993e-02
7.952717873508341473e-02
7.942847175531568549e-02
7.851711272335773484e-02
7.778387716537307761e-02
7.672828711655657608e-02
7.668530643934795554e-02
7.680907848578184816e-02
7.694493342299879579e-02
7.688803984516789924e-02
7.735455701386738381e-02
7.768162296103757469e-02
7.786586507908287158e-02
7.798060033168788263e-02
7.808163993936304004e-02
7.866724750518759579e-02
7.852094356258042251e-02
7.850422491815706172e-02
7.847188899604388979e-02
7.848395230066251838e-02
7.870903513278770802e-02
