7.858464995105733653e-02
7.588012235175704834e-02
7.266325466839207436e-02
7.020516975843824059e-02
6.762027506640996832e-02
6.601878238673283827e-02
6.448698127801714974e-02
6.329744245965601701e-02
6.246559154439483563e-02
6.148256337956675699e-02
6.073064663242593031e-02
6.022981744244891578e-02
5.959047964293065491e-02
5.902822131810896850e-02
5.839826423335849059e-02
5.761406257956323829e-02
5.691909190082026365e-02
5.666650163368659038e-02
5.637100006412709696e-02
5.615816656684632230e-02
5.628753633537775941e-02
5.575965252623623497e-02
5.531471776861973666e-02
5.488189214346102934e-02
5.458324122100739750e-02
5.426431443159498297e-02
5.415830998657628070e-02
5.394115590906577856e-02
5.396936233404967670e-02
5.377460101825592975e-02
5.331244731232336054e-02
5.303982231880934040e-02
5.275893671504484905e-02
5.227229651135469057e-02
5.183936689007934834e-02
5.131287123104293774e-02
5.075519703226441526e-02
5.050985226778837572e-02
5.005383482895257169e-02
4.965121880205929789e-02
4.914836213970230627e-02
4.872595743059132678e-02
4.849464238304609237e-02
4.834532306107046373e-02
4.807253267158874410e-02
4.777673698486001319e-02
4.734456465616448950e-02
4.735739785929147377e-02
4.720638609224597076e-02
4.714363566700425362e-02
4.695640803925514584e-02
4.699562506042285343e-02
4.668170491914289816e-02
4.649294441872707517e-02
4.622502201101254260e-02
4.612403408511419473e-02
4.589927155222982974e-02
4.566702417768615102e-02
4.554326793198151119e-02
4.504192443213810015e-02
4.491377498284775810e-02
4.451589792553891506e-02
4.424242531357433506e-02
4.391147016102395911e-02
4.370957621427664502e-02
4.313330717489872318e-02
4.298359117464048418e-02
4.268778426812698534e-02
4.236263740016386892e-02
4.230301892205660941e-02
4.220254937508913923e-02
4.196188668194303362e-02
4.218620291073234274e-02
4.225079562846317804e-02
4.258255024199555927e-02
4.304317251228130525e-02
4.340489083497393874e-02
4.369866107813490108e-02
4.319602858397900147e-02
4.279064929138957918e-02
4.243297445244220006e-02
4.222576963071167366e-02
4.221088858768232838e-02
4.234103960867658528e-02
4.242557562965990764e-02
4.247406772659034768e-02
4.238672633946324875e-02
4.237562842330915014e-02
4.205424284848415656e-02
4.211858031455042312e-02
4.222788718583835033e-02
4.225187455562159911e-02
4.239467495208835285e-02
4.259424603187805108e-02
4.272239725768739449e-02
4.300660930066536186e-02
4.323918972335916849e-02
4.396916872852874025e-02
4.429580893730333119e-02
4.454112068512196959e-02
4.469169936571278784e-02
4.468561657111685265e-02
4.463038764986745205e-02
4.422697654419618235e-02
4.395904351836851104e-02
4.366959704176159168e-02
4.342411165973057013e-02
4.355967402045445025e-02
4.336233315394014826e-02
4.309289525601651960e-02
4.260651126535838079e-02
4.217968211231568759e-02
4.150804068495540095e-02
4.126133527041108556e-02
4.090113062142500949e-02
4.082699630710019678e-02
4.045867197736717491e-02
4.049534771589571869e-02
4.022930711260631204e-02
4.006680570532933361e-02
3.984053260809505836e-02
3.972890172276204168e-02
3.978832380124221191e-02
3.971035095060547471e-02
3.960308871814180454e-02
3.947610056092611813e-02
3.959933946150524797e-02
3.969641942256928180e-02
4.009008654870994948e-02
4.049716870069111629e-02
4.084002582748662291e-02
4.112396439347178190e-02
4.124704697072703596e-02
4.159594180181021283e-02
4.210075787200724673e-02
4.233084626859874577e-02
4.285553507805391765e-02
4.301111691453982783e-02
4.351632128284311368e-02
4.349768746601396369e-02
4.337846403732582845e-02
4.344089744620369120e-02
4.328560637579774439e-02
4.313484681094137407e-02
4.273574893915409872e-02
4.245767050221216365e-02
4.218659666675420028e-02
4.195338673019673864e-02
4.178287414116672871e-02
4.158457818880088863e-02
4.154300225913609007e-02
4.139046359976967376e-02
4.183145327226142629e-02
4.186708106309144917e-02
4.211769613889907588e-02
4.244024792104166693e-02
4.272451777566192016e-02
4.288747392933525693e-02
4.298690433051889637e-02
4.294786591867802428e-02
4.317626880701745662e-02
4.304861262281912959e-02
4.305679008945945824e-02
4.318890757787535728e-02
4.313731706703203411e-02
4.309671277586486077e-02
4.254741015302489909e-02
4.182840740097528570e-02
4.124210538424522704e-02
4.065493574895438778e-02
3.998144142175967530e-02
3.966964903001480441e-02
3.949005492717406335e-02
3.928607129348512389e-02
3.925300119893453121e-02
3.903288232142789610e-02
3.881900023156964474e-02
3.871856263798484354e-02
3.856695456760301371e-02
3.833499751800187316e-02
3.827971905190299950e-02
3.799422903894293657e-02
3.817489180617500422e-02
3.825786544803119055e-02
3.823160022066594832e-02
3.821204519516221976e-02
3.834339068523948124e-02
3.853511572849506461e-02
3.857387136769503677e-02
3.875399867633664425e-02
3.918448177145258254e-02
3.972190377311927284e-02
4.075630850331586619e-02
4.139767369373939521e-02
4.205704047107747950e-02
4.220727691097487383e-02
4.217772976693379833e-02
4.171555012824881836e-02
4.124957774713807618e-02
4.040954638207490401e-02
3.962941196611666911e-02
3.892832057797675216e-02
3.824461260522252909e-02
3.762692501272566631e-02
3.716243996730924509e-02
3.687290900943508004e-02
3.626061919002205453e-02
3.566089332426593261e-02
3.541152946606972857e-02
3.513229547692746368e-02
3.494731983102971479e-02
3.488276212352105915e-02
3.483528796704850328e-02
3.484776522296283152e-02
3.475336883709052166e-02
3.488356988650433838e-02
3.495373285525806006e-02
3.510121573345122842e-02
3.524722975207469911e-02
3.547528943502907539e-02
3.569483465467208905e-02
3.590955591532504071e-02
3.642118964850983576e-02
3.649514052752511617e-02
3.692484498502845991e-02
3.738305701433990852e-02
3.791887308043036947e-02
3.833677460431732936e-02
3.885885051626524617e-02
3.947346623127521298e-02
3.971642780868042677e-02
3.985507991344455769e-02
4.011434489062264130e-02
4.035619467089995860e-02
4.059302431415681006e-02
4.106564807859060251e-02
4.150359823139744553e-02
4.229101952782055723e-02
4.300838182108454588e-02
4.343052439551682575e-02
4.409951006667852530e-02
4.456583690394140540e-02
4.498719645155629249e-02
4.558743747548427844e-02
4.586390783308456898e-02
4.627558665373975727e-02
4.667298402819051312e-02
4.677388781745717150e-02
4.708962252764115758e-02
4.722291187552897507e-02
4.725519142433613762e-02
4.699473011750603113e-02
4.694553248340507801e-02
4.644412129997221861e-02
4.576074689169862264e-02
4.478676382618101970e-02
4.385160230263409481e-02
4.287332152550341058e-02
4.143790009399915542e-02
4.037288747447700943e-02
3.919059454770319750e-02
3.801904167912346921e-02
3.692608728258800488e-02
3.583746626364762294e-02
3.493701845214808310e-02
3.403565713118746061e-02
3.321219787296339487e-02
3.260991111418064942e-02
3.196563216569939248e-02
3.130065008735104237e-02
3.078825289706981980e-02
3.024634201927554542e-02
2.990035984503076547e-02
2.960983834351813004e-02
2.919942443079153946e-02
2.898127091170064895e-02
2.857384560965679429e-02
2.851997692452772071e-02
2.822112780079353081e-02
2.794029119292871371e-02
2.790760201605452240e-02
2.768767152369445636e-02
2.751924027600859829e-02
2.732588136346371377e-02
2.736928539525771559e-02
2.728755591426975172e-02
2.741851181182520386e-02
2.740637393725791487e-02
2.751787807351575160e-02
2.769983690055800168e-02
2.835893072292226466e-02
2.922684452025067423e-02
3.007225094600703488e-02
3.088241676723760959e-02
3.153432903924142244e-02
3.146678134061679788e-02
3.102293192490062149e-02
3.028222350681262359e-02
2.901867552788490318e-02
2.791230384868936820e-02
2.712582885597319970e-02
2.643607970505395394e-02
2.597764519128262228e-02
2.577286179171466365e-02
2.564763938279747066e-02
2.569027593403952134e-02
2.576120597282403543e-02
2.580246580370704548e-02
2.592196260533796703e-02
2.612926816247735165e-02
2.630611272056644287e-02
2.654745328163428744e-02
2.673007676526568260e-02
2.697261123686237050e-02
2.697848500949465503e-02
2.691331545871823369e-02
2.696357689079523223e-02
2.669528322860579422e-02
2.652366007747495799e-02
2.635606557295802274e-02
2.615361196043610587e-02
2.589181885266210459e-02
2.571143376329930799e-02
2.562790772001493494e-02
2.543949501989607731e-02
2.545006616131614829e-02
2.543449608654461264e-02
2.539634365198311164e-02
2.543564039610099817e-02
2.549280393101455502e-02
2.545806398775353474e-02
2.554610205513114379e-02
2.544812033280976354e-02
2.547740317670489987e-02
2.547820035864433938e-02
2.551992557054304916e-02
2.548599154350252721e-02
2.568563408309726057e-02
2.565081275233145261e-02
2.575491084083509491e-02
2.559712557667360999e-02
2.557429715486242428e-02
2.570859536303608112e-02
2.573243199850524382e-02
2.576460296269164271e-02
2.569034816867767773e-02
2.577801528044795440e-02
2.587728414112991024e-02
2.585557484467871162e-02
2.594749578726708930e-02
2.595678790763182239e-02
2.577988272220965368e-02
2.591780720937595164e-02
2.583846849423949293e-02
2.594727305947813062e-02
2.591955701409912050e-02
2.591769115428261411e-02
2.589666975597824938e-02
2.592703175776556179e-02
2.572693452819770771e-02
2.585204507624388678e-02
2.583505072554129547e-02
2.586642993841767324e-02
2.580635537073477231e-02
2.587724940966344006e-02
2.590175797798955487e-02
2.590162787046636564e-02
2.584606989766398411e-02
2.593432873707264205e-02
2.604748270948222671e-02
2.612059924857361784e-02
2.613302362612706167e-02
2.627919442074930223e-02
2.629871969158930484e-02
2.656594709332686308e-02
2.667770439508788602e-02
2.680118876366475306e-02
2.700251564290273576e-02
2.722795496656993039e-02
2.731888675303293865e-02
2.759325244629687313e-02
2.775953873027231858e-02
2.801303174609694538e-02
2.783610819719211510e-02
2.795014807179695138e-02
2.801339596749930286e-02
2.816740576531670537e-02
2.804484589819021198e-02
2.795171212423095547e-02
2.787429958011952355e-02
2.785642895028188348e-02
2.759865362510930190e-02
2.757938505920901756e-02
2.729272090664098052e-02
2.725898371840731332e-02
2.707668050448431424e-02
2.684778523495544994e-02
2.672412377943961942e-02
2.660296639711301481e-02
2.647691528659180601e-02
2.631699749978154770e-02
2.611894699661297670e-02
2.591857357998593459e-02
2.579861489542403449e-02
2.573493477371758403e-02
2.558920522377911358e-02
2.542793901417229885e-02
2.537828913259626562e-02
2.519798270792520181e-02
2.515794023176979102e-02
2.502971069911255966e-02
2.492452993136395206e-02
2.497039364585186202e-02
2.491847234939522163e-02
2.480571712338516463e-02
2.463005446808166563e-02
2.474264916226011357e-02
2.458056967946316632e-02
2.462972148563887659e-02
2.455879621815154623e-02
2.460355846885545900e-02
2.447789466648360446e-02
2.447560433647546357e-02
2.434222267816012544e-02
2.429989834766254492e-02
2.426451523022003787e-02
2.406360469156445039e-02
2.417381402493338355e-02
2.411264413349482189e-02
2.411778183558634797e-02
2.404775395545995231e-02
2.405801930720232948e-02
2.405239792799330339e-02
2.396993041253880907e-02
2.398284826791150653e-02
2.387344342714394982e-02
2.379363331583694494e-02
2.380778379343063619e-02
2.372541529617545539e-02
2.374660605300796257e-02
2.366875441023887777e-02
2.366489041603663315e-02
2.369161758691870623e-02
2.361899442106525290e-02
2.357154141234709538e-02
2.359171823269640145e-02
2.351462718125290827e-02
2.341480879578046112e-02
2.336102934876075135e-02
2.333920429130793839e-02
2.321386006610346234e-02
2.316426322829509554e-02
2.318039332190182517e-02
2.315552830262206097e-02
2.307449422863057722e-02
2.300315690424126550e-02
2.313588058183901550e-02
2.314497794510286463e-02
2.306511571876126640e-02
2.308632692441781389e-02
2.316131205432428453e-02
2.305170471338474636e-02
2.307463072252688430e-02
2.297711151253668468e-02
2.303274924144784602e-02
2.296818883143329076e-02
2.296316970046211395e-02
2.300610813680933203e-02
2.292842852832912420e-02
2.291299084353229376e-02
2.296042127348750864e-02
2.296276000912491136e-02
2.295589795347686285e-02
2.299080065235403411e-02
2.292385834862399607e-02
2.285944400205451935e-02
2.300663959080303383e-02
2.297360605070236997e-02
2.297318023575369711e-02
2.294889666081293203e-02
2.301064327880860891e-02
2.305876845690906299e-02
2.302580707163767726e-02
2.312545420615105124e-02
2.316302222639338854e-02
2.324630231100409741e-02
2.340803453768403042e-02
2.357470618750607746e-02
2.371621857063821101e-02
2.385899670281784943e-02
2.388034685865051895e-02
2.398880375612284441e-02
2.395975454542881300e-02
2.377029739426811047e-02
2.364099952814319172e-02
2.351375399176451608e-02
2.334402241557852545e-02
2.332708101701719966e-02
2.328645437930880469e-02
2.321493241520246678e-02
2.322530712480439311e-02
2.315833685193001423e-02
2.325411657370128268e-02
2.325473502652675856e-02
2.322428972482199969e-02
2.323420719787770705e-02
2.319894554229119318e-02
2.336319901253154641e-02
2.326157703802307283e-02
2.327183648335739985e-02
2.338390597331701376e-02
2.328709932781324043e-02
2.333654011711824849e-02
2.336635763020696033e-02
2.346350911864908059e-02
2.345690566099030427e-02
2.349050968983778728e-02
2.345212924933176221e-02
2.352402940214461807e-02
2.357163860285133722e-02
2.361195328484208544e-02
2.365803756179784417e-02
2.371991520054327410e-02
2.366288627952096990e-02
2.377279992821519986e-02
2.378059327862067432e-02
2.385329109319984583e-02
2.391249590246126780e-02
2.397639282182757389e-02
2.395270947765774927e-02
2.395501318106104185e-02
2.399798541181918238e-02
2.397313122079486672e-02
2.409800542338038504e-02
2.402097466105792070e-02
2.408469306262748036e-02
2.411995340900138438e-02
2.422721165729239956e-02
2.428826323341113161e-02
2.428891216370926073e-02
2.431116486330278659e-02
2.433998853051681441e-02
2.433106459643942510e-02
2.425822481250870105e-02
2.439718922617064786e-02
2.441018068755691078e-02
2.437729250323569102e-02
2.438141643058992086e-02
2.444290267961383295e-02
2.444015017011355942e-02
2.443605428512604302e-02
2.445798009273243007e-02
2.459053377332424614e-02
2.463269953347094546e-02
2.469729696808561220e-02
2.465965210050380732e-02
2.470591621825630330e-02
2.472240394440393396e-02
2.483823789240914570e-02
2.493683636605370860e-02
2.493639335000932128e-02
2.500484722428946913e-02
2.518360524926927316e-02
2.533197418831814249e-02
2.527104371471988048e-02
2.554112671102311619e-02
2.564179455138191829e-02
2.578112246981233840e-02
2.583310996920201025e-02
2.615564227191584032e-02
2.630506061973542781e-02
2.624424589080381898e-02
2.649824393944706993e-02
2.668531570508768380e-02
2.669380560826125140e-02
2.689407165540752542e-02
2.702707593442260636e-02
2.699539339412939526e-02
2.714625614804651310e-02
2.735479219154007824e-02
2.741491797983725692e-02
2.748290681873066799e-02
2.755563116056534284e-02
2.758486768495986563e-02
2.764279034336668273e-02
2.763399369347098455e-02
2.783460986662477168e-02
2.778411767161444515e-02
2.783591479692072018e-02
2.783302222903530354e-02
2.799820305215452304e-02
2.806946273221683913e-02
2.814087230371861009e-02
2.830796508857117907e-02
2.839825758478935896e-02
2.874960691211936661e-02
2.890094094570659633e-02
2.919308692276152695e-02
2.934987309101965564e-02
2.972458635920868092e-02
2.987376110733859502e-02
3.025386529742659508e-02
3.074581466246143271e-02
3.111181367736420150e-02
3.143392246784636884e-02
3.205891000864318635e-02
3.281426805199777474e-02
3.363885504465227716e-02
3.457276970327792520e-02
3.578444527832181504e-02
3.694810637495535288e-02
3.807716752540032251e-02
3.903039578115603814e-02
4.002766386770012508e-02
4.130556220591709987e-02
4.277946538956777650e-02
4.427520200491622676e-02
4.592678919074121707e-02
4.746043275857404764e-02
4.876014575589649597e-02
4.999894460651351652e-02
5.093531850802298505e-02
5.215487210214274361e-02
5.296278736982681229e-02
5.406141889010294271e-02
5.496266841727490832e-02
5.590437835395643817e-02
5.705320258596720956e-02
5.829380775877479604e-02
5.980389291024124088e-02
6.158554223833850177e-02
6.331702835593945589e-02
6.545614042085655393e-02
6.778110997154558615e-02
6.977925281189317763e-02
7.201136050775854003e-02
7.365586641824284353e-02
7.566479814484036726e-02
7.715459817515381291e-02
7.807191425656628825e-02
7.853101983421194310e-02
7.834055749984752959e-02
7.794871822145743590e-02
7.717406329217253724e-02
7.705688175301528275e-02
7.715314036091348859e-02
7.725258338500239075e-02
7.758693966913135509e-02
7.849294872105483378e-02
7.912247146715561952e-02
7.986341172287932111e-02
8.050217447732450904e-02
8.096535494003587186e-02
8.206955359565301644e-02
8.230977413579407265e-02
8.250248479372174204e-02
8.263395126994807494e-02
8.271444244812606317e-02
8.283853085659222126e-02
