4.936826638131204537e-02
4.790639572902499754e-02
4.639879095172214085e-02
4.526700651969260691e-02
4.418827113817547225e-02
4.367652780321651385e-02
4.320662114978011253e-02
4.287402067011453211e-02
4.276989721943701833e-02
4.260156091434505465e-02
4.254219908231449132e-02
4.257174795874738016e-02
4.239638036064776599e-02
4.196113060426755192e-02
4.145955634271076412e-02
4.054629165236930260e-02
4.005527357170511615e-02
3.998279950205740896e-02
3.989097746662245703e-02
3.991534101001684154e-02
3.995619446806464303e-02
3.974964841831718498e-02
3.959057436434620936e-02
3.958485355136357603e-02
3.959705050354105083e-02
3.962807267156888413e-02
3.992983136867653965e-02
4.002305078634729729e-02
4.040467578790743475e-02
4.046548858438460405e-02
4.053519401834451696e-02
4.068486007603307197e-02
4.082173560425830794e-02
4.077456320526366002e-02
4.082875015184043305e-02
4.080416686354792349e-02
4.077425957122198658e-02
4.064492720988397562e-02
4.047941944981655465e-02
4.030175926782278428e-02
3.980500049631753579e-02
3.954218925377485372e-02
3.946909312768047406e-02
3.937552430778456375e-02
3.930575759253282508e-02
3.931630244240481159e-02
3.920470554971046406e-02
3.951981009820296903e-02
3.961155740992550883e-02
3.976246386020083901e-02
3.963118523300440676e-02
3.978195778500876606e-02
3.980834874839156434e-02
3.988831954650599865e-02
3.978783407108744952e-02
3.969894605520210562e-02
3.960782894925889142e-02
3.935229646088007904e-02
3.916045711442511096e-02
3.881744809254000783e-02
3.864223534271808008e-02
3.858525082594527200e-02
3.831258398278772348e-02
3.820707829406408407e-02
3.822196621153847035e-02
3.806810844389556248e-02
3.815271730705081799e-02
3.834235313247168903e-02
3.814031668903727912e-02
3.835736551521774090e-02
3.852142462977866527e-02
3.847758493979046984e-02
3.891997184523258990e-02
3.928788711960536084e-02
4.004439096922728092e-02
4.078501341386970430e-02
4.113365078382356238e-02
4.138538159954717466e-02
4.105316307183271701e-02
4.080311494633055008e-02
4.042641642637007093e-02
4.053402014869909170e-02
4.051579670077390394e-02
4.062981975724462569e-02
4.085774392439970454e-02
4.089335463860936659e-02
4.087763746874074899e-02
4.090156900157077002e-02
4.086221907959031174e-02
4.105766750337642296e-02
4.143104275962580796e-02
4.167036911276255501e-02
4.206281876188883162e-02
4.256974179667484537e-02
4.298211895071078759e-02
4.342722385310307520e-02
4.372620564619008471e-02
4.421032843317257433e-02
4.425340560374618759e-02
4.418932124093177122e-02
4.405057207104706024e-02
4.375570942812666980e-02
4.363951342584382331e-02
4.347615735436156925e-02
4.344704804426183231e-02
4.342569020813325659e-02
4.359525104578288596e-02
4.389012293456628216e-02
4.367962112343300868e-02
4.333393541570854796e-02
4.260245736189698790e-02
4.194404305237967034e-02
4.108213283067400218e-02
4.062820067096122034e-02
4.024110176567333858e-02
4.004452269323149211e-02
3.951670271903120341e-02
3.945553822164563074e-02
3.889240641826063188e-02
3.856955560514443299e-02
3.833284530380743488e-02
3.811773176124316070e-02
3.795233236381707204e-02
3.777006862297477285e-02
3.758890749148240812e-02
3.757970652870142036e-02
3.781077471143540203e-02
3.802979704056076715e-02
3.854417291574704918e-02
3.899251701298561690e-02
3.940946467656698815e-02
3.969192483279355976e-02
4.000609067453148732e-02
4.051722282945703635e-02
4.098763779093528986e-02
4.138693246601880815e-02
4.187493597054126743e-02
4.212908020825625183e-02
4.257352219776490421e-02
4.264809921873947279e-02
4.272875384268396554e-02
4.300410669392377289e-02
4.310102085763289903e-02
4.318928486329199484e-02
4.299668269082450311e-02
4.280804178736256904e-02
4.257005228716177064e-02
4.227867234842489635e-02
4.221583968703963158e-02
4.211259072134201226e-02
4.223346322976138240e-02
4.250664571274625353e-02
4.336506092544168550e-02
4.402298837535956882e-02
4.489197790441373792e-02
4.548298434095918857e-02
4.576446368148381905e-02
4.575379787499321560e-02
4.537727169074978750e-02
4.504194968817829686e-02
4.490759430454557138e-02
4.452992944737895614e-02
4.420518077354654990e-02
4.387296898993185701e-02
4.366893290016633788e-02
4.337068460842828654e-02
4.271211719264796092e-02
4.206889630060154511e-02
4.163211810012921316e-02
4.120610143436050782e-02
4.067762738395029609e-02
4.034857141065580771e-02
4.011636597970350687e-02
3.987276739165997869e-02
3.971709788413869263e-02
3.945886386835079085e-02
3.911776035050995581e-02
3.884646549630398765e-02
3.864857445605471287e-02
3.836003916020065685e-02
3.817786498377739868e-02
3.788905200563953690e-02
3.800856984690588469e-02
3.812111864190490668e-02
3.818982676103271912e-02
3.827861088513736382e-02
3.890543882672615333e-02
3.973243752723761707e-02
4.084115801055437922e-02
4.253043220755407111e-02
4.445685834969347050e-02
4.608611567369381989e-02
4.738589296211128538e-02
4.793351015664932407e-02
4.782749499725204995e-02
4.717125831358844751e-02
4.628809820331140218e-02
4.512139560537417604e-02
4.375581152590798939e-02
4.212170266303286170e-02
4.038994068923269093e-02
3.887128832484133129e-02
3.737651164839585205e-02
3.619297490015603580e-02
3.523449216267311029e-02
3.461807782938441241e-02
3.393817560457820098e-02
3.332559002333156106e-02
3.304540529911829255e-02
3.275708791572408407e-02
3.248713060003374092e-02
3.232221768299316927e-02
3.225787830630861414e-02
3.216003105896534514e-02
3.209328825026237786e-02
3.217599368101797114e-02
3.224339792034255914e-02
3.232538144674466929e-02
3.237995477967577779e-02
3.265992725883334197e-02
3.280001646089071576e-02
3.293947508160803561e-02
3.329453887096947562e-02
3.322621589132671721e-02
3.352335543527984463e-02
3.383917768393099323e-02
3.412127118980508300e-02
3.447655174137767564e-02
3.493882865594673953e-02
3.545137230996687344e-02
3.574977071686970959e-02
3.590816184584317422e-02
3.597516442377254875e-02
3.607184889821991869e-02
3.605940398141566777e-02
3.613447422522733654e-02
3.610827214917373962e-02
3.632893142525689401e-02
3.635124258299869682e-02
3.617135176560432042e-02
3.621781201753058316e-02
3.614207162699097781e-02
3.623600160288713984e-02
3.643554101271093831e-02
3.664359316060721017e-02
3.697069737286767105e-02
3.750129950022801362e-02
3.802163582096686201e-02
3.909993546198158726e-02
4.002504473109556177e-02
4.091425763772636032e-02
4.136822254658485687e-02
4.177156386738452298e-02
4.153690975561579596e-02
4.109020984877743282e-02
4.009944265649268563e-02
3.890647335091983183e-02
3.765902207472927865e-02
3.597761273399265741e-02
3.475232324758004837e-02
3.350023722956197575e-02
3.254051197260131312e-02
3.174214240487182453e-02
3.098731888898703310e-02
3.039097585252038131e-02
2.986182943634139303e-02
2.941981447659360038e-02
2.912639308173277028e-02
2.880858604122952735e-02
2.849972159252869841e-02
2.825520916447817749e-02
2.817247697344925361e-02
2.800835810237959148e-02
2.801707660944137424e-02
2.790828617160683034e-02
2.792248986667995175e-02
2.773497620259427962e-02
2.785278609809972022e-02
2.753416376535187948e-02
2.740329931440445982e-02
2.721436318193529158e-02
2.702068805267418897e-02
2.690247933026428465e-02
2.670604086394082199e-02
2.670392896910552330e-02
2.676278500495186952e-02
2.680893307221902597e-02
2.678632793742619783e-02
2.680523223861271467e-02
2.691225008892878315e-02
2.721142406674184264e-02
2.768271148106099880e-02
2.809916579735816794e-02
2.852429364828457450e-02
2.881809258801945953e-02
2.869431707508176763e-02
2.842419144139889109e-02
2.796614083486129165e-02
2.729115174879790523e-02
2.669173272239359213e-02
2.621413567443059769e-02
2.591194660035557942e-02
2.568436551076486510e-02
2.559874891485496018e-02
2.549298102324622228e-02
2.553015577181724435e-02
2.558360435289930984e-02
2.560225074731818304e-02
2.566014886719089963e-02
2.583037173193850414e-02
2.590565049190222263e-02
2.604293709885999175e-02
2.608806491174102057e-02
2.625059004708799396e-02
2.615821233410358868e-02
2.616508729247203971e-02
2.617218541734778192e-02
2.607609352460207863e-02
2.586678468810869186e-02
2.574725217675577146e-02
2.568955011525737853e-02
2.544220170741740006e-02
2.534633609005091867e-02
2.527604675748385335e-02
2.507032652086859520e-02
2.509231630732714283e-02
2.501954128195506971e-02
2.491494725738607405e-02
2.488540623965864243e-02
2.491550034214648143e-02
2.484945486768586759e-02
2.494008156439867299e-02
2.472681150456651489e-02
2.483263749057225064e-02
2.472390909224623720e-02
2.475371993989757685e-02
2.464148565411443045e-02
2.480762520602660878e-02
2.481768699642819542e-02
2.486790317428660968e-02
2.472160616749753334e-02
2.471618920843180259e-02
2.477063901016634748e-02
2.484047264018013346e-02
2.479484948706716166e-02
2.475767562302902750e-02
2.488580460855642149e-02
2.489813889112781412e-02
2.491819568648799901e-02
2.492871483804575197e-02
2.492732354375514978e-02
2.482977345946820597e-02
2.487366089848464662e-02
2.479895555851741734e-02
2.485257415522689264e-02
2.481935611621130869e-02
2.484570909300734542e-02
2.470165053340294542e-02
2.472086411783466081e-02
2.462530164539363658e-02
2.465387381094639313e-02
2.461644925659750224e-02
2.460474820450910677e-02
2.456709318360489336e-02
2.463370395261382795e-02
2.451062475852436653e-02
2.451727597358442645e-02
2.452005604757792959e-02
2.449187607475951031e-02
2.457470736824692026e-02
2.460389115430670209e-02
2.461859152183066071e-02
2.464756864940961453e-02
2.464827848379553404e-02
2.484218786583227562e-02
2.481711515242274527e-02
2.494162577061044550e-02
2.506071306201129723e-02
2.521155687637523582e-02
2.533439066901804065e-02
2.542228689854445986e-02
2.560934707670955296e-02
2.579610314265524257e-02
2.565707518391122446e-02
2.579258056690057407e-02
2.586314088486157958e-02
2.590178254014300838e-02
2.592102737691553624e-02
2.587338916156704804e-02
2.585362730787013272e-02
2.591323871418771407e-02
2.578105037204252159e-02
2.573220757894905189e-02
2.564333330881263251e-02
2.562062998364408525e-02
2.556794016517701176e-02
2.543421080926782860e-02
2.525228950323009716e-02
2.523006936938823955e-02
2.518158292308267029e-02
2.515761221607795695e-02
2.497459407653811192e-02
2.489486110778558331e-02
2.484720293063959543e-02
2.480195198025063677e-02
2.476979387327793436e-02
2.460224848871859354e-02
2.464536647433762315e-02
2.445348757554970109e-02
2.448716150047558146e-02
2.434602859716186035e-02
2.435370098894190302e-02
2.440665210040061234e-02
2.440608560553273604e-02
2.434505414646122301e-02
2.416810903165156343e-02
2.429402324258599435e-02
2.423864025359377672e-02
2.421898222734454945e-02
2.426860541550388689e-02
2.432178153046055460e-02
2.424122332880049302e-02
2.428300928598473366e-02
2.421312224781490066e-02
2.420976942354550673e-02
2.425123325681177028e-02
2.417587072705563306e-02
2.428235292781738205e-02
2.418598541707229349e-02
2.427414445002941054e-02
2.428400644592494662e-02
2.430957473272501654e-02
2.439458535048639326e-02
2.435398271126356512e-02
2.426059264586996958e-02
2.427427717016652012e-02
2.420944708191425168e-02
2.426364845099426154e-02
2.414640128688748388e-02
2.419123272780514602e-02
2.422154440736924708e-02
2.426124348598989247e-02
2.421006181921256384e-02
2.417931046582106128e-02
2.414166066546737446e-02
2.421607123409818749e-02
2.420009206115798783e-02
2.421316700738262995e-02
2.419464837546445382e-02
2.420025468530665955e-02
2.421301417832244854e-02
2.411593697253542126e-02
2.415217592504717917e-02
2.419581396253365699e-02
2.413991623329142869e-02
2.404221220699097328e-02
2.417342606704060703e-02
2.425935354213734976e-02
2.418532522490258671e-02
2.421124428564061168e-02
2.423755522831819165e-02
2.418052468461487012e-02
2.425751819266487586e-02
2.428296023890890235e-02
2.431491073798629915e-02
2.432526514176309648e-02
2.425966703137095309e-02
2.437886389678516064e-02
2.427843550515188659e-02
2.434155994266796325e-02
2.435613472797664575e-02
2.441108171429365661e-02
2.442779644301426925e-02
2.443837340109231496e-02
2.445681793237003410e-02
2.449274791787927480e-02
2.462084716281647684e-02
2.459222141858553520e-02
2.462392088624372130e-02
2.465178436804832743e-02
2.466784565972965013e-02
2.477187691981181522e-02
2.467450725845213994e-02
2.476210852966984760e-02
2.487579392709601128e-02
2.492270275298172702e-02
2.498403149226576664e-02
2.516822680529713988e-02
2.531339897446043680e-02
2.531434823060210379e-02
2.539651920334242211e-02
2.546606673248464139e-02
2.545355153766486189e-02
2.537231866341461278e-02
2.534141044323499903e-02
2.533824341933759230e-02
2.517951206751926907e-02
2.530595731341596724e-02
2.533215632600780212e-02
2.529842429115381278e-02
2.531325031551142843e-02
2.539097913247815794e-02
2.542186861994303118e-02
2.544151411877022470e-02
2.548422043766760889e-02
2.549128992310610228e-02
2.547622659692444849e-02
2.570026005057527568e-02
2.563291156911033652e-02
2.565889553114092392e-02
2.580324390136916335e-02
2.578053976460621330e-02
2.589598359811606104e-02
2.589039177208811437e-02
2.600286873637830051e-02
2.606589797430487743e-02
2.616283907898722325e-02
2.605113407964029099e-02
2.618247919511369065e-02
2.625900189908467186e-02
2.631022765124626378e-02
2.634423591737931544e-02
2.646602507722318337e-02
2.646010462458703305e-02
2.655074096913146581e-02
2.656841897695844806e-02
2.670141469671102191e-02
2.678598328879711402e-02
2.682652766375684741e-02
2.688575460456482658e-02
2.691302998393503565e-02
2.697357230029747560e-02
2.698578346024947672e-02
2.711987624988710516e-02
2.703028261119754319e-02
2.712231535695300982e-02
2.720939178694506758e-02
2.729095268409530498e-02
2.726685251108043953e-02
2.740266304203439057e-02
2.737880933701665812e-02
2.748861888852900670e-02
2.747464339569650332e-02
2.749055850998770659e-02
2.763457888972607746e-02
2.755989812975072686e-02
2.759053466321400791e-02
2.765363569714273176e-02
2.769990328830684509e-02
2.771784417697767400e-02
2.766809293582999513e-02
2.771136661903251391e-02
2.786465517946914300e-02
2.788449459977340728e-02
2.799534751946062758e-02
2.793551437662377540e-02
2.801047204679009070e-02
2.808102353089662884e-02
2.815486677579920674e-02
2.829074338611665962e-02
2.836335425717147196e-02
2.844589169087818545e-02
2.864948460832881377e-02
2.886141960732199752e-02
2.894637545218230190e-02
2.922447936775846369e-02
2.942227502699856778e-02
2.954147738379430885e-02
2.961215905514083535e-02
2.995274585394178124e-02
3.001887144989600839e-02
2.998394830267361519e-02
3.009459177958203127e-02
3.003068196439168461e-02
2.989595154967582963e-02
2.993961924911694300e-02
2.977289058765576757e-02
2.972026271903510652e-02
2.975435362906909270e-02
2.974819893944880000e-02
2.989881585135561320e-02
2.978777054632750915e-02
2.975889630564624438e-02
2.973648405130917619e-02
2.984350208692215789e-02
2.972755064323066160e-02
2.987010840463476258e-02
2.992292976627667495e-02
2.998625366876754225e-02
3.002559820457548906e-02
3.011229741325979412e-02
3.018529438617718191e-02
3.031156670626104083e-02
3.048402511918229391e-02
3.057275763685760733e-02
3.100145246191698609e-02
3.115748100493585804e-02
3.148798240166965356e-02
3.189900718302175059e-02
3.229604734629279439e-02
3.284159216096076139e-02
3.349489053965001156e-02
3.454198424729436334e-02
3.552319937673674433e-02
3.685480917839461384e-02
3.893532077230729693e-02
4.149379704152422743e-02
4.503419848296490863e-02
4.881376628812836294e-02
5.311479555618212750e-02
5.663797281382028370e-02
5.918924017268690357e-02
6.033409143000909719e-02
6.085555991079739241e-02
6.157892637572876665e-02
6.271924993603864018e-02
6.420977227212140703e-02
6.624837285467070902e-02
6.838427283393398726e-02
7.057744812011437774e-02
7.260991114111638167e-02
7.461653628194570009e-02
7.696308398667281447e-02
7.865165331964418804e-02
8.064888313209706006e-02
8.180608720051939231e-02
8.274459789132201926e-02
8.398958433932189604e-02
8.519291870882793327e-02
8.635362122537014462e-02
8.732702114771960511e-02
8.829884114345688817e-02
8.921181429486736703e-02
9.061576976691740337e-02
9.167991680526674236e-02
9.272461658247035943e-02
9.281393525636606745e-02
9.306223678122042819e-02
9.232098960687326605e-02
9.079966645065895570e-02
8.874738556212159735e-02
8.607496943543850587e-02
8.381528053734201011e-02
8.134248289711815127e-02
7.987806171918528098e-02
7.880613087233044600e-02
7.754206404095954908e-02
7.624528978503807009e-02
7.497546789852764515e-02
7.370720177045020360e-02
7.197208680767987199e-02
7.053868255909612195e-02
6.876398983584298963e-02
6.784653755039003753e-02
6.611230228492939731e-02
6.484329691274014207e-02
6.373364297759492869e-02
6.269975353108887817e-02
6.218855198092244907e-02
