7.917784524194670936e-02
7.595328295065384427e-02
7.235088797751389189e-02
6.936730456716426463e-02
6.673066516086918754e-02
6.536129147356785352e-02
6.418487478260823109e-02
6.326925131340252473e-02
6.291685432461094352e-02
6.224877969915372511e-02
6.156145255658726501e-02
6.118092412673704905e-02
6.054943961015150922e-02
5.996493883380883683e-02
5.935471769241817269e-02
5.845774835491696075e-02
5.779888514574509778e-02
5.764813381758630145e-02
5.730508681975438751e-02
5.730490962824943274e-02
5.736824882426190542e-02
5.678125297524150988e-02
5.639556105201810887e-02
5.592958283105496642e-02
5.564800954473173022e-02
5.514194052917813227e-02
5.497962880406190994e-02
5.476826279823748117e-02
5.487022211901755597e-02
5.453467786098703529e-02
5.419290913871623039e-02
5.407899569339015555e-02
5.368591089319466048e-02
5.337750018452206563e-02
5.309793658202841687e-02
5.270649115417920527e-02
5.225205615133143855e-02
5.192499588420139423e-02
5.174237139006161723e-02
5.130097489794312876e-02
5.075266178724131133e-02
5.026356355136239740e-02
4.996837404754096712e-02
4.976571731032530810e-02
4.940324609917228632e-02
4.917661149388543457e-02
4.898774353200483628e-02
4.910002698146713473e-02
4.903426408159285849e-02
4.916829894565450526e-02
4.892928400814379464e-02
4.883259380053132231e-02
4.859654941354505514e-02
4.836535711410373112e-02
4.816557634571930896e-02
4.800833363463744702e-02
4.779966070306231052e-02
4.773158153592263475e-02
4.740557525330382077e-02
4.719270689433427424e-02
4.703452817349153270e-02
4.694789935026819072e-02
4.651549743599204395e-02
4.623555114118751974e-02
4.601958504009685813e-02
4.549574433651211447e-02
4.518239832335738115e-02
4.492566036251167960e-02
4.435634425318431273e-02
4.420596637964326753e-02
4.408525541295165578e-02
4.383214677432122758e-02
4.386932829914661630e-02
4.384739435369291310e-02
4.406905390459800453e-02
4.446396618366498660e-02
4.477309586896646015e-02
4.493006129148955502e-02
4.460884512702485011e-02
4.438156107316463400e-02
4.404346360132951194e-02
4.395174512521050902e-02
4.401421538619632035e-02
4.412233469424402948e-02
4.427285852385321602e-02
4.431651803086928548e-02
4.428479180494438588e-02
4.425459413980834672e-02
4.400208858299468201e-02
4.391737797198912163e-02
4.405145659977442035e-02
4.417247045085388735e-02
4.436061496764798912e-02
4.460264302356915095e-02
4.449224561498053843e-02
4.482509771172647761e-02
4.481398172015652048e-02
4.538705237903262191e-02
4.582417986934696902e-02
4.630646310008570271e-02
4.659060662988533108e-02
4.653512001613142185e-02
4.660112571738540821e-02
4.635504385082726830e-02
4.616875230402926744e-02
4.584802296902174695e-02
4.567353066729138572e-02
4.562357291041253815e-02
4.534398197171801009e-02
4.512612162663141857e-02
4.457031075481744653e-02
4.407151013259384686e-02
4.330704209610207467e-02
4.292428779703284791e-02
4.241162378937333999e-02
4.230917484919494154e-02
4.186270699313256183e-02
4.195204984674937021e-02
4.153641103419765390e-02
4.138927318279080753e-02
4.121689284417967558e-02
4.099963673644941436e-02
4.090502545381067417e-02
4.081430880303311276e-02
4.064920259019592225e-02
4.061367194995729041e-02
4.066021852741719123e-02
4.060346386834502025e-02
4.107587471860559003e-02
4.148311767090893942e-02
4.178263430426933100e-02
4.199657183655500226e-02
4.208266049038365819e-02
4.244058981640230765e-02
4.265973182539397474e-02
4.295302774300359394e-02
4.330839867152225936e-02
4.352019477025587807e-02
4.399923434288077057e-02
4.386215770285174786e-02
4.391542877321289590e-02
4.398806520237423523e-02
4.392366190574014534e-02
4.392447616784671965e-02
4.358485643964294526e-02
4.349216153760357417e-02
4.317534563372859430e-02
4.310172780239746038e-02
4.298380402368780218e-02
4.285400481056989702e-02
4.273046688767646178e-02
4.264669496613419930e-02
4.317983617367339433e-02
4.325775820647318609e-02
4.370729430239216756e-02
4.379842843629461191e-02
4.403116746781327723e-02
4.407300044746902817e-02
4.409332454041021282e-02
4.396769187955979624e-02
4.409873273420286677e-02
4.397357474085208939e-02
4.389798986074053277e-02
4.397444057440929449e-02
4.384702408112210736e-02
4.382645477674997764e-02
4.343592724902924779e-02
4.273113283411360958e-02
4.239034245565712067e-02
4.184614109282152467e-02
4.128944433852529267e-02
4.102020681409946495e-02
4.095588819837028827e-02
4.079956979999656286e-02
4.096110521236510232e-02
4.083412391705382866e-02
4.057939891004776894e-02
4.053342705461640549e-02
4.031993538133608196e-02
4.023002544536511543e-02
4.017034258767954169e-02
4.007782344444722061e-02
4.022873466822306926e-02
4.029650611272311833e-02
4.052142743599228963e-02
4.053255633002266628e-02
4.083935973105983636e-02
4.098989619579061772e-02
4.100383852084162062e-02
4.116070115993650941e-02
4.154215977673192395e-02
4.207536259720193184e-02
4.288030424635008026e-02
4.329297166526641788e-02
4.378083619111936692e-02
4.377440932131507201e-02
4.367791675164721388e-02
4.315830957417809283e-02
4.256240534407808307e-02
4.147158688449035374e-02
4.042186169570904930e-02
3.936458210476814767e-02
3.852655988212712324e-02
3.758712286004332187e-02
3.709828802822986299e-02
3.678238177911941076e-02
3.625678808269891529e-02
3.583608436288973631e-02
3.556113787738880705e-02
3.534124661285826391e-02
3.516669438048663360e-02
3.493910981695710904e-02
3.505913455996133993e-02
3.504218599908180687e-02
3.502166115422807730e-02
3.518017134670760326e-02
3.522536572053719395e-02
3.547149926422893396e-02
3.560007669238533096e-02
3.587840908720121152e-02
3.608243696235397674e-02
3.621297029673811035e-02
3.677590339176495943e-02
3.668815431472150640e-02
3.718262786023603106e-02
3.756501477719515619e-02
3.790231624513460545e-02
3.838465489037112127e-02
3.878196402047059260e-02
3.942969600211092274e-02
3.966849613456314982e-02
3.990092569225497932e-02
4.010923042143148265e-02
4.034454628768886775e-02
4.039278967726106506e-02
4.072566817559472585e-02
4.087575127366176869e-02
4.158327243231307174e-02
4.201745371682420738e-02
4.222339258964544206e-02
4.289725415170418665e-02
4.313844453504579041e-02
4.358442087356683564e-02
4.399864548410331588e-02
4.431450565188519569e-02
4.461054542875175777e-02
4.506264841295858775e-02
4.495694267330867938e-02
4.517505425956988563e-02
4.524526007390079069e-02
4.517236674250389022e-02
4.499735115988737211e-02
4.489382655638356201e-02
4.454330954500831247e-02
4.403042664611010737e-02
4.324419200284681380e-02
4.235087100902133056e-02
4.151939450343521132e-02
4.027243024637087998e-02
3.923634881886586823e-02
3.822291905836048415e-02
3.726038555443839106e-02
3.632653293118887766e-02
3.536583839840035104e-02
3.439129898618572406e-02
3.368994148515864345e-02
3.293998591442479779e-02
3.232160832422868724e-02
3.177972079033777875e-02
3.119851914377527735e-02
3.065865925851477339e-02
3.031598736828484963e-02
2.996317224935911641e-02
2.975906977685456589e-02
2.928997494894077652e-02
2.910068232035853408e-02
2.874803788684480652e-02
2.868012217523265364e-02
2.838854527581453902e-02
2.813304670225215756e-02
2.806054400682097758e-02
2.781056887288867879e-02
2.771179402895946123e-02
2.750396899084003172e-02
2.761692604117009855e-02
2.759002833720151926e-02
2.764849085655365218e-02
2.772240537245049957e-02
2.779683883257427768e-02
2.819710954313232182e-02
2.876736564803298452e-02
2.969242495343119015e-02
3.073507455811601286e-02
3.153597550363315682e-02
3.214931529695441020e-02
3.198793339598010599e-02
3.161428376564050929e-02
3.065339785530749733e-02
2.951740073246006749e-02
2.827561613755377040e-02
2.735049781096925148e-02
2.676402107894363530e-02
2.636205897016800914e-02
2.618101940755122176e-02
2.600560474534485689e-02
2.600972442710539415e-02
2.603492483270093000e-02
2.609734571399062800e-02
2.635761512035792939e-02
2.658239007124209644e-02
2.670455811694284060e-02
2.683781768926638694e-02
2.694572934173082232e-02
2.721556047928175293e-02
2.721264938282998147e-02
2.720689588131239636e-02
2.714277435369027297e-02
2.694461015131270620e-02
2.670607504451030095e-02
2.649480499355190075e-02
2.628321175743227739e-02
2.592387520738707873e-02
2.572442695256325559e-02
2.568266182291010710e-02
2.547046387704032452e-02
2.550373100957834330e-02
2.541048068586864578e-02
2.537930481224531104e-02
2.538108422947669626e-02
2.547802430642086627e-02
2.547512527923323500e-02
2.547443942290711708e-02
2.542386407319736571e-02
2.549801403585188336e-02
2.548902727582460018e-02
2.551019168593702743e-02
2.545238206316579807e-02
2.562717008308241021e-02
2.548618657484867309e-02
2.558382218965970720e-02
2.551454305835040154e-02
2.548737638708594225e-02
2.555149687690577709e-02
2.555341499936327268e-02
2.558236686247815014e-02
2.556294513699481838e-02
2.560062522249135705e-02
2.564123991585832985e-02
2.556583251929234885e-02
2.564178159757542208e-02
2.561732712997586911e-02
2.560154772918872904e-02
2.562622834237286013e-02
2.552705471983227406e-02
2.556709127251473659e-02
2.550756673663966481e-02
2.556693315025039548e-02
2.547902454886783949e-02
2.550177230743666187e-02
2.539654735606710137e-02
2.542097190512256077e-02
2.540298663080663155e-02
2.547567587135194864e-02
2.540887593800346747e-02
2.550759064197939685e-02
2.538872593874816688e-02
2.538358367184887984e-02
2.540987208058480967e-02
2.551807392021726920e-02
2.578892122261755571e-02
2.565408738684635953e-02
2.565041095543965644e-02
2.585665367210570470e-02
2.581140556738864208e-02
2.603011428048834092e-02
2.620821197453016005e-02
2.632023762799966596e-02
2.640690839623395167e-02
2.673570157504505038e-02
2.680687402934367469e-02
2.698865778957715983e-02
2.718655554969008278e-02
2.733721647629292276e-02
2.726417806093505217e-02
2.734105500550504386e-02
2.743990337957545947e-02
2.746054473970580348e-02
2.740251454813309034e-02
2.732117305309251717e-02
2.730385288494740700e-02
2.713832781476560249e-02
2.694407750503742538e-02
2.685394817103483808e-02
2.673824474013326152e-02
2.665001787466685784e-02
2.647732981085144932e-02
2.635418561766804044e-02
2.617969436985190246e-02
2.605277547987478251e-02
2.592276929106809152e-02
2.581432618253577671e-02
2.561314428294225731e-02
2.548663576130310443e-02
2.538790821653932189e-02
2.529582956907724597e-02
2.512741589159208505e-02
2.499874556155893060e-02
2.498044368320806799e-02
2.475081781161458591e-02
2.473249471559224588e-02
2.463583576607031658e-02
2.461976655059503957e-02
2.457936667821090243e-02
2.454359384985489029e-02
2.448756259240012292e-02
2.432332917867474284e-02
2.437971224163223288e-02
2.424795958841709925e-02
2.429083825547259309e-02
2.427380156880082351e-02
2.422851322916851416e-02
2.412282745980296253e-02
2.417227717262861869e-02
2.399169000940745700e-02
2.401500644579404251e-02
2.394727121945335740e-02
2.389077587759100632e-02
2.385998570669529278e-02
2.378909044909137058e-02
2.382423677755590719e-02
2.381139322754753651e-02
2.387113442124853477e-02
2.380832516937556737e-02
2.380767953006052498e-02
2.373163341277387955e-02
2.360076237395832346e-02
2.357301847009208445e-02
2.363383804267150251e-02
2.351102319872515681e-02
2.344453339869892461e-02
2.345881947141775087e-02
2.351948208018194569e-02
2.342244886744766080e-02
2.344639308824643387e-02
2.344249640707055798e-02
2.335813842175082575e-02
2.329427088740813542e-02
2.321395475936783442e-02
2.313638277439113849e-02
2.316405610939866605e-02
2.305271836446483313e-02
2.294558524310422176e-02
2.300831525533687458e-02
2.296245032013877196e-02
2.296005560642308541e-02
2.280106259802937990e-02
2.282745762007110796e-02
2.288210366842416063e-02
2.276301235199476233e-02
2.276146920325572767e-02
2.283535607021003333e-02
2.276611766181324895e-02
2.280903276999883197e-02
2.272909085642898369e-02
2.276979426651914648e-02
2.263493487618800995e-02
2.265394107599387474e-02
2.264327171831402585e-02
2.256814468189603795e-02
2.256079243440662838e-02
2.257152565749067502e-02
2.260904319559283240e-02
2.265493845358229966e-02
2.258042142073631367e-02
2.254899230727498358e-02
2.254680863612640654e-02
2.264547933753771961e-02
2.260193998365169973e-02
2.256683768538543522e-02
2.267244942486789511e-02
2.263822236816408207e-02
2.270089698632349676e-02
2.262686511422379657e-02
2.276101919823016531e-02
2.277228799436323281e-02
2.289254486564386987e-02
2.301143015543327675e-02
2.324786560199807242e-02
2.335553480058009945e-02
2.339848633622503352e-02
2.352769380710164823e-02
2.356673518149602839e-02
2.354856672938798398e-02
2.334468332063771231e-02
2.321184448840026698e-02
2.309996536754254162e-02
2.295936732088153104e-02
2.293835616097195801e-02
2.284398526674970634e-02
2.276522257725154680e-02
2.276235725017312916e-02
2.280542771141069042e-02
2.285390240364275349e-02
2.278474864265190095e-02
2.274089505622078553e-02
2.275752891125485192e-02
2.278768241487922133e-02
2.296131736543426810e-02
2.280388830982360213e-02
2.273485167846632168e-02
2.294193390171622368e-02
2.288616248935633479e-02
2.295439676204153248e-02
2.285016643171742384e-02
2.298318394195667316e-02
2.304118307371057217e-02
2.302765204050451556e-02
2.293023073097051959e-02
2.300356513207794246e-02
2.298681190739613675e-02
2.307410201888234619e-02
2.317989686782947686e-02
2.320484493502021281e-02
2.316618245517817337e-02
2.326501533019115567e-02
2.322088922690185644e-02
2.340745410917809827e-02
2.337726588830207203e-02
2.348033129790800047e-02
2.341324988354868616e-02
2.339790533490934341e-02
2.348009583769727557e-02
2.348690306660290369e-02
2.354534454832222026e-02
2.355864014180363356e-02
2.359107115821961961e-02
2.356343156158448304e-02
2.368426535789152146e-02
2.366902257595997205e-02
2.383323792044639289e-02
2.374854326741979854e-02
2.371979081688011665e-02
2.375350614846943875e-02
2.375429375772477800e-02
2.378674575399170044e-02
2.383071324369911981e-02
2.383850616213565796e-02
2.379562111285719178e-02
2.388689478192677906e-02
2.382176878539066581e-02
2.386832324012116285e-02
2.390633004853251822e-02
2.405281772593610007e-02
2.403388232884868386e-02
2.406352825810057633e-02
2.403833782542536338e-02
2.406058976306377217e-02
2.411198887010270603e-02
2.422645602994808953e-02
2.432067139836490560e-02
2.435123455032721027e-02
2.445154976685496445e-02
2.453765946909608128e-02
2.477877879340518660e-02
2.479693460654179213e-02
2.489357628366755879e-02
2.517856831607204887e-02
2.527514221927874491e-02
2.532077829581457287e-02
2.558012632388585034e-02
2.573137381832100654e-02
2.569267401419056407e-02
2.595179459154932713e-02
2.590090779073231028e-02
2.590833053752758519e-02
2.605064621649203632e-02
2.611935990919968947e-02
2.613402785681274640e-02
2.626166973425140411e-02
2.635530797811591608e-02
2.643415865985090582e-02
2.641303876204861151e-02
2.649136276958206568e-02
2.654613622407259177e-02
2.662116575542154001e-02
2.657304329463923073e-02
2.665820608802210376e-02
2.666077328530904941e-02
2.668253206231142524e-02
2.670513740496365668e-02
2.681296820643009476e-02
2.685456571102374373e-02
2.700155930828126993e-02
2.709264820191765316e-02
2.716341154935202062e-02
2.747913422017991478e-02
2.765389370238153718e-02
2.788627014774920990e-02
2.811147105713392852e-02
2.836192206884092029e-02
2.857729109360395911e-02
2.896168623585801058e-02
2.947709710069713190e-02
2.995238270660386531e-02
3.044292453018146091e-02
3.150052650744620403e-02
3.282225230475113720e-02
3.453853477796998972e-02
3.614036718713429380e-02
3.785688693035045571e-02
3.917130782944870659e-02
3.994597736365325391e-02
4.064428757857153213e-02
4.140576409350883724e-02
4.247613491610166547e-02
4.383045608731231391e-02
4.539332606842495788e-02
4.715380912458239093e-02
4.919101512612673172e-02
5.088819392581903078e-02
5.217095469567113730e-02
5.302201519259162887e-02
5.386182961659614216e-02
5.410099045830141923e-02
5.473885987213785581e-02
5.532827254455890270e-02
5.580196074613224394e-02
5.683989033275674285e-02
5.804812682797132889e-02
5.927856470810359546e-02
6.092837564402057288e-02
6.287953751429031790e-02
6.478719481337792685e-02
6.718169038246829539e-02
6.963887353995787399e-02
7.201871027398924763e-02
7.397611769895547085e-02
7.617063842478569158e-02
7.750143141517723544e-02
7.846672771223324461e-02
7.895490496275046899e-02
7.848629372498931722e-02
7.764701819703756502e-02
7.657810410903488629e-02
7.604851278858464070e-02
7.566995387550587426e-02
7.546953245368549779e-02
7.557320903838021797e-02
7.568971574001999436e-02
7.619285709880925517e-02
7.634814064359667085e-02
7.645342601235047275e-02
7.639690109722485634e-02
7.707074347304779249e-02
7.694815632812641859e-02
7.695808660293761150e-02
7.716033935911509323e-02
7.691282156538133130e-02
7.711268722544739607e-02
