7.665521564311425506e-02
7.370178977671179577e-02
7.065427600654838880e-02
6.828189843050870567e-02
6.602152010701355100e-02
6.485012544395386824e-02
6.381626247199893853e-02
6.302064158884058964e-02
6.265168583392591306e-02
6.205717422068536548e-02
6.162657954876590155e-02
6.138255726449598493e-02
6.080238879710212624e-02
6.012046030920013134e-02
5.928342080135228648e-02
5.832995016854665427e-02
5.760381272750300652e-02
5.725087619618263179e-02
5.701748536336998657e-02
5.693986295260110991e-02
5.713806626445714493e-02
5.661610556877648415e-02
5.625476455423274180e-02
5.581620142682198332e-02
5.571581110370193296e-02
5.515128442545136345e-02
5.516760468398523853e-02
5.489968191992263685e-02
5.512986283587241465e-02
5.498193053855280482e-02
5.465405504035913964e-02
5.427343581225316238e-02
5.411163222433618830e-02
5.371388806475547312e-02
5.324861853345395912e-02
5.271618482825771168e-02
5.238124574224829050e-02
5.209810977068008581e-02
5.186950635787881264e-02
5.145587563442082651e-02
5.092887350661537416e-02
5.051018734150605760e-02
5.024797748474929548e-02
4.997519357412067570e-02
4.976269903165615738e-02
4.944784339323955030e-02
4.910071662395205233e-02
4.925986724862667365e-02
4.925849995976546575e-02
4.931416606680288223e-02
4.909852947320225702e-02
4.920008828739572820e-02
4.900917761524760385e-02
4.897985410739846834e-02
4.880314349113003963e-02
4.892878947888883168e-02
4.885449762355442010e-02
4.867073054327770293e-02
4.858741472244131054e-02
4.824100916462200489e-02
4.806616182649313396e-02
4.781674649713484743e-02
4.734064336154651664e-02
4.701432018909375288e-02
4.680567128974213315e-02
4.635084624164435840e-02
4.632072701746312721e-02
4.617194230468679716e-02
4.585404892751383105e-02
4.594371662864148859e-02
4.588572430056701845e-02
4.567123725892827807e-02
4.609652524944989754e-02
4.628235913014829700e-02
4.687334171108147735e-02
4.749526686027938371e-02
4.793063770675317498e-02
4.809540532755183367e-02
4.747741700072269366e-02
4.709467301353237323e-02
4.651834917809550413e-02
4.621571654708850341e-02
4.624836807185544324e-02
4.631022997629619109e-02
4.643636655159785742e-02
4.648355910392729801e-02
4.625893157106207576e-02
4.628049951968034315e-02
4.600462090083438926e-02
4.596527099386629039e-02
4.602306020099591194e-02
4.601226544021681797e-02
4.614367253003828773e-02
4.641886252221443659e-02
4.656568740422616787e-02
4.686695226349740090e-02
4.715949909806402274e-02
4.773795572834350909e-02
4.792595258902339339e-02
4.831607673988851798e-02
4.843296356893821847e-02
4.857295184786591946e-02
4.860594314431027074e-02
4.847433914839396896e-02
4.833934173741460255e-02
4.845691603048080803e-02
4.855182227660934102e-02
4.903684736640817610e-02
4.911865753232025344e-02
4.910548269342171479e-02
4.834810239481317218e-02
4.756466956504661753e-02
4.654063670530245167e-02
4.608120506667602589e-02
4.582277120470950454e-02
4.572206625513077632e-02
4.540111126055428742e-02
4.555376085138828496e-02
4.531049936784117133e-02
4.529518925774018989e-02
4.521591735916615645e-02
4.499721657367777156e-02
4.497068974243331740e-02
4.457159859456624046e-02
4.423557003752645600e-02
4.417386064963849113e-02
4.420497796310544902e-02
4.427632084671317969e-02
4.469423944557945894e-02
4.518451118067915578e-02
4.552264785961804283e-02
4.575843616975813072e-02
4.601660275490625923e-02
4.649246280650762286e-02
4.684420039757148518e-02
4.728512323635274128e-02
4.765150420894979227e-02
4.774346089309626506e-02
4.817464046477484135e-02
4.793021653875074312e-02
4.784603481512102185e-02
4.760566317164373340e-02
4.737437224273093744e-02
4.721639711307069193e-02
4.667542837711791820e-02
4.624552924239395263e-02
4.580810984549655435e-02
4.549320299227747194e-02
4.548776683233921037e-02
4.528673644164626921e-02
4.531459010269039966e-02
4.537224931806887324e-02
4.600148100191415318e-02
4.633459483602324347e-02
4.679721395043708043e-02
4.724248043605210057e-02
4.757847557791154008e-02
4.761864588297150952e-02
4.747952011465615685e-02
4.733797969870081473e-02
4.747939934791478578e-02
4.727080644579210317e-02
4.732722419898306027e-02
4.749822426291300248e-02
4.754534568002805744e-02
4.751872858314248882e-02
4.693072246938002207e-02
4.601293712397356434e-02
4.528179597177620780e-02
4.460017863815767675e-02
4.376900481205812238e-02
4.346858112980009348e-02
4.300437326980874331e-02
4.270683448400122706e-02
4.240834573253603884e-02
4.213964606200203133e-02
4.180409427487671165e-02
4.154989796819567177e-02
4.146545098575702554e-02
4.126718416490455371e-02
4.118378071707355648e-02
4.094196989574237083e-02
4.089132025539064796e-02
4.080664973319368671e-02
4.075974149427741278e-02
4.067455412135567716e-02
4.084098812331605349e-02
4.117181852615969806e-02
4.126160456243531394e-02
4.143413972103702353e-02
4.203960685502773631e-02
4.266412875986186348e-02
4.347153232472631551e-02
4.386657710736172056e-02
4.428323035975902794e-02
4.427420916706885368e-02
4.409552960060753035e-02
4.358531104231980202e-02
4.318533365323605488e-02
4.229246625299264151e-02
4.151932759080042418e-02
4.071499686902162185e-02
3.999426643937439158e-02
3.950546632134248337e-02
3.902117716167975009e-02
3.869278716825861469e-02
3.808267991742117498e-02
3.741105262208147680e-02
3.716924780684507934e-02
3.682467289123812076e-02
3.647219382791456327e-02
3.628939598267016259e-02
3.634652241509114118e-02
3.625903183973747113e-02
3.628580835796948317e-02
3.651226708470922677e-02
3.672137432409705582e-02
3.689313693354898116e-02
3.707922498829971381e-02
3.737825477570710930e-02
3.766323299940754765e-02
3.793182460160424846e-02
3.853331255415386181e-02
3.862447596058742050e-02
3.912970265304873546e-02
3.965831234997723581e-02
4.017972215909642458e-02
4.077734508597511548e-02
4.131606529902966118e-02
4.208215939558833385e-02
4.262959438935529782e-02
4.293992368254554576e-02
4.310429259546790653e-02
4.326823336514024065e-02
4.320241255339572761e-02
4.340247318710508534e-02
4.351334936639923712e-02
4.411318666677428724e-02
4.462571667420107274e-02
4.503146823693880002e-02
4.565981703607911724e-02
4.594923713298435658e-02
4.658391142558352543e-02
4.700334788052218382e-02
4.732398639623111580e-02
4.759196829789692773e-02
4.804594402224526828e-02
4.800303503677042644e-02
4.836432257662148793e-02
4.847654211731416973e-02
4.830666888315237467e-02
4.804671787747572670e-02
4.780632056225347926e-02
4.724639277367170126e-02
4.657331946293737784e-02
4.556162841040246186e-02
4.456022727785384496e-02
4.347325453308858306e-02
4.197569638424606536e-02
4.080028076004092036e-02
3.954621241780831992e-02
3.829254691255726956e-02
3.726320070667350770e-02
3.604460023313067057e-02
3.506623450607035397e-02
3.415824673508816023e-02
3.325493564053615819e-02
3.260397686833682585e-02
3.185798596173013142e-02
3.118485119491483035e-02
3.064002940031106820e-02
3.019434896028146131e-02
2.976783290288346692e-02
2.942544884261271559e-02
2.896659579526511888e-02
2.877981721048719632e-02
2.824332916845832819e-02
2.821039348353732851e-02
2.786569494230121957e-02
2.751531373698693980e-02
2.738085408017195549e-02
2.722730438338238218e-02
2.704267684032831201e-02
2.686487718964895854e-02
2.685803934687742631e-02
2.682354644390576651e-02
2.681504799911549677e-02
2.679245744913424238e-02
2.688869407575926115e-02
2.709645350779702269e-02
2.765060634374117907e-02
2.842264378079100914e-02
2.919815921263782532e-02
2.998559564663063129e-02
3.043212821723837239e-02
3.041236202739597272e-02
2.999754074143743884e-02
2.921577589574993888e-02
2.814355476901134884e-02
2.701363004198709811e-02
2.625207629597154160e-02
2.559421414387146737e-02
2.512308324644841467e-02
2.497753541084413859e-02
2.483273124464537018e-02
2.479392380516289365e-02
2.483118756537698590e-02
2.490265263793049050e-02
2.508409734955603307e-02
2.519449660817036848e-02
2.535212119475215367e-02
2.553824209999026873e-02
2.565045259883058995e-02
2.586074698066812005e-02
2.587629739792426248e-02
2.581529478117394402e-02
2.579003777954320953e-02
2.568259403035895796e-02
2.540083144223493489e-02
2.522647690329812495e-02
2.500023460970948394e-02
2.476753046515984755e-02
2.454952136193584017e-02
2.443108721248604676e-02
2.434095428644089676e-02
2.429662794230499911e-02
2.421307748826689865e-02
2.423832792895774454e-02
2.418824695380446255e-02
2.428673450360323977e-02
2.419718532451850881e-02
2.424534242425912048e-02
2.413006652826601983e-02
2.425173439998776215e-02
2.417969976679253813e-02
2.427131541309661411e-02
2.414177695592407968e-02
2.434021225087142429e-02
2.426812951994378881e-02
2.433615717757375146e-02
2.423885980813905369e-02
2.418556739378879827e-02
2.424978916321295433e-02
2.434712247002167665e-02
2.433404755936467712e-02
2.432483789510291386e-02
2.437665221296828402e-02
2.449198342549884638e-02
2.439754094285472019e-02
2.448366783922976270e-02
2.445157884498434450e-02
2.434650379066006717e-02
2.440990706402943952e-02
2.442146810473595081e-02
2.444106786471674994e-02
2.439700684052152971e-02
2.442310942614382349e-02
2.435255674691630054e-02
2.442908576994941294e-02
2.432229948978646000e-02
2.435877858462904763e-02
2.437434680496563741e-02
2.436755284707996586e-02
2.428645138263773109e-02
2.440423861274342021e-02
2.434838970051288187e-02
2.439198797320203671e-02
2.439356610206968451e-02
2.437707024991890223e-02
2.457152557053418271e-02
2.460551112007390573e-02
2.468432932595892443e-02
2.474770398449191097e-02
2.480212329094770574e-02
2.505291187745418285e-02
2.511882081824223789e-02
2.528475350147131248e-02
2.543341576406053794e-02
2.556076138792313587e-02
2.576668318303741365e-02
2.593529373426155943e-02
2.612203129413413413e-02
2.632008026966575764e-02
2.625740267935146657e-02
2.632590253186836010e-02
2.640951318530805961e-02
2.642869378196580424e-02
2.638864451768511629e-02
2.623717595998424634e-02
2.622346369890181036e-02
2.614510361514561093e-02
2.594290256921321161e-02
2.582573811040929368e-02
2.563206445488079577e-02
2.549059453806792191e-02
2.540466059274199689e-02
2.517518289317941318e-02
2.495569252694833720e-02
2.493208438097222965e-02
2.472696434134096996e-02
2.460806352603152683e-02
2.435513147626660116e-02
2.425110063007434799e-02
2.412207618837828096e-02
2.402506285482493634e-02
2.389660647072288507e-02
2.369077313217476596e-02
2.368293364990658317e-02
2.344986172547352393e-02
2.341175407802946126e-02
2.327176554878830281e-02
2.320102077639040264e-02
2.321070730234753299e-02
2.316400654257545072e-02
2.309113719025004605e-02
2.289170646032252093e-02
2.291407763436568643e-02
2.278081246618106001e-02
2.274401003624528655e-02
2.274796155203442222e-02
2.266698115379806033e-02
2.255569473471344746e-02
2.258139556998570510e-02
2.247125627930987926e-02
2.244670098306988243e-02
2.236347291989974548e-02
2.229292308244554960e-02
2.228179130193448307e-02
2.222061322120877716e-02
2.223909713562725876e-02
2.208471901727838277e-02
2.212264477062643106e-02
2.217709480068123101e-02
2.207577445155810975e-02
2.199187210773565285e-02
2.191196577133011983e-02
2.175358073087750935e-02
2.183248675590275523e-02
2.164242742711798215e-02
2.162744459662202870e-02
2.166115235684558382e-02
2.157469128975655556e-02
2.160271160820541325e-02
2.167329835062472773e-02
2.150414795858787351e-02
2.152257854684543753e-02
2.143658521445364340e-02
2.136571454119505498e-02
2.128054196077477575e-02
2.120518089810736334e-02
2.117120601258113896e-02
2.106535226023537044e-02
2.101101288936649270e-02
2.102395610046249932e-02
2.100445409366254526e-02
2.085505918443449069e-02
2.094613033187490980e-02
2.092810860561727937e-02
2.082367178299551064e-02
2.080970600082617666e-02
2.086444215050561532e-02
2.078928663534466981e-02
2.078841363587660002e-02
2.070480998627069469e-02
2.074851556817533527e-02
2.071121521368246218e-02
2.069683462806488905e-02
2.063488704464994106e-02
2.056952070127019208e-02
2.056191033953991276e-02
2.055136605304372713e-02
2.056865014338396871e-02
2.058171548815898241e-02
2.056194501707235903e-02
2.059010885408187400e-02
2.054113689266120341e-02
2.068463460371260457e-02
2.060250347797007095e-02
2.059880096732480056e-02
2.063390059153470332e-02
2.061413760956906996e-02
2.065425229700956072e-02
2.069012835221955768e-02
2.066438070389950421e-02
2.075449020698635211e-02
2.079243909800311887e-02
2.096591186720013489e-02
2.112507744895563561e-02
2.137070076395243892e-02
2.138184998114763327e-02
2.146904639561519196e-02
2.147223825379517351e-02
2.142924146663413923e-02
2.128450186585172446e-02
2.114307083359413808e-02
2.107470419519500912e-02
2.088385881812825778e-02
2.088010135983874721e-02
2.078119900459700006e-02
2.071763608972735163e-02
2.074506719272485936e-02
2.069666619440930708e-02
2.079540653381023799e-02
2.076439110704115729e-02
2.071531537690897082e-02
2.067543844394705357e-02
2.074294851668800552e-02
2.086865112120002766e-02
2.078493446910735509e-02
2.079531362764418245e-02
2.088182791064218530e-02
2.078081058798526837e-02
2.087727118227630796e-02
2.082285437473701400e-02
2.089067190837703633e-02
2.092782630110295514e-02
2.099160661908691314e-02
2.088253021240658175e-02
2.092719814831738717e-02
2.097558636147154806e-02
2.098911637637009345e-02
2.098534292297802792e-02
2.107413656378172295e-02
2.102143667409145031e-02
2.110843928386478899e-02
2.104686865207924112e-02
2.119975050993634300e-02
2.122152829285231870e-02
2.121303257171923418e-02
2.124456079921088758e-02
2.119939678366106889e-02
2.120147621381332503e-02
2.119257280771076613e-02
2.121273754701858902e-02
2.121697340948636157e-02
2.128894830880361660e-02
2.127402178280730916e-02
2.135576595715922218e-02
2.128495971951003055e-02
2.145351112881018971e-02
2.137902589124303365e-02
2.138272298879622182e-02
2.148124067985243343e-02
2.144629490559978729e-02
2.148749245844798830e-02
2.149450943397253344e-02
2.141860637496972170e-02
2.146210735502507294e-02
2.147154745895539160e-02
2.156221947122658258e-02
2.146658086420548395e-02
2.155586178071495357e-02
2.163688217048052170e-02
2.169077375552903864e-02
2.166613614606690066e-02
2.163690371155688880e-02
2.168996326560084301e-02
2.177675998993186882e-02
2.177089132703919835e-02
2.186951628632449046e-02
2.190113820575505243e-02
2.203959887541056401e-02
2.211335613868775640e-02
2.225873697003688187e-02
2.227302801152278647e-02
2.249356784709399468e-02
2.268185469880373839e-02
2.280222506051806514e-02
2.280795291247567427e-02
2.308539335425200886e-02
2.305511277048024124e-02
2.320686301978366201e-02
2.333091327333121356e-02
2.337873325238028557e-02
2.339479503218324513e-02
2.352543314861576043e-02
2.353132795530291435e-02
2.371184094724519340e-02
2.366751929815430824e-02
2.382274429985046030e-02
2.389455802230619832e-02
2.398735970286516861e-02
2.399893324214814883e-02
2.400562444964275677e-02
2.416756071809804049e-02
2.407564012743185905e-02
2.420564553712029401e-02
2.424093908565111075e-02
2.424280505521539744e-02
2.426648019736561690e-02
2.435380438751253915e-02
2.446422149282057729e-02
2.451962100321540203e-02
2.468981494175045283e-02
2.482103662805645178e-02
2.514953619241994467e-02
2.526303910133567698e-02
2.551239270964746758e-02
2.567031177120005295e-02
2.601192444230889661e-02
2.622488378898457650e-02
2.653476044162441511e-02
2.702082655565480468e-02
2.744045918947163321e-02
2.786594125127208818e-02
2.868208170557102338e-02
2.951893872414414199e-02
3.083332286375787754e-02
3.212592090894376973e-02
3.370778608891494832e-02
3.509531940312120291e-02
3.629509711410280198e-02
3.717712586343972087e-02
3.807874505963388528e-02
3.940139961503609511e-02
4.082230080680124967e-02
4.242438434145420073e-02
4.428279090001917273e-02
4.588851140133005935e-02
4.731155523793154766e-02
4.850168922214380396e-02
4.948285661365033755e-02
5.051148322700196869e-02
5.130870160778617378e-02
5.239834153344667678e-02
5.318000754979902711e-02
5.396341408216584479e-02
5.511297629471282461e-02
5.644654447370817812e-02
5.803770697833597614e-02
5.971637058567806633e-02
6.165195406538281214e-02
6.367278946393215011e-02
6.607685977023905477e-02
6.816738048123970051e-02
7.007527356275039532e-02
7.145976656768060487e-02
7.295228571360441727e-02
7.395059776679109576e-02
7.431655928622898921e-02
7.456753748329227049e-02
7.406117599157591158e-02
7.367306289278453824e-02
7.278323301788193478e-02
7.274909035326050655e-02
7.301884995723342819e-02
7.306993466453809427e-02
7.356614785461790262e-02
7.412640302399069181e-02
7.469898897411153538e-02
7.518556415270011284e-02
7.559173290835662085e-02
7.585358405373941737e-02
7.663380017837706504e-02
7.687271734425449310e-02
7.714466338505576726e-02
7.738620505003303285e-02
7.758621216092495554e-02
7.810433070316957771e-02
