7.704048456890778829e-02
7.371758964339496234e-02
7.025769550192273449e-02
6.714856452664832998e-02
6.468252466576265847e-02
6.326129348167887356e-02
6.210252077950421251e-02
6.124747977372128893e-02
6.079835867207378924e-02
6.015040879939025781e-02
5.956664449675969780e-02
5.924586194726001037e-02
5.856305835567223589e-02
5.773374353186791486e-02
5.697301349653280389e-02
5.598769348401558960e-02
5.526426373092132444e-02
5.497373190242784563e-02
5.465116253311830263e-02
5.438603551096993227e-02
5.443262211803232692e-02
5.377733299442122999e-02
5.319390350860375011e-02
5.294027293894575104e-02
5.264136653108389408e-02
5.234411579290095679e-02
5.224389053152422857e-02
5.194109232152438471e-02
5.211080531759404444e-02
5.178267082227713120e-02
5.158563572640964545e-02
5.132845364159375340e-02
5.110136996351715560e-02
5.073625638661891785e-02
5.041640903112924732e-02
4.994867667900557834e-02
4.952439140905635223e-02
4.929499782505909755e-02
4.895098174757156473e-02
4.852881494963694198e-02
4.801978508070878920e-02
4.752818272499161750e-02
4.722597113523868684e-02
4.690998811591631096e-02
4.667659596071568190e-02
4.638909439562236003e-02
4.599953171947688407e-02
4.615366630596843406e-02
4.607787398424890296e-02
4.614080940236506972e-02
4.594670606702683235e-02
4.593610587430101838e-02
4.578341958002679624e-02
4.564858509302176931e-02
4.562237188754490053e-02
4.569263874443432738e-02
4.557875334382430893e-02
4.547984734158620757e-02
4.538963807172209652e-02
4.498388619956307510e-02
4.482887454174876163e-02
4.449263733643856605e-02
4.383505325658123425e-02
4.331491633489736176e-02
4.313974146225950379e-02
4.256438928526525001e-02
4.248994249461722494e-02
4.227704462440817768e-02
4.192170988551633531e-02
4.204447198188568380e-02
4.204105116441178569e-02
4.191810486342044395e-02
4.211492028771014751e-02
4.228091457041213697e-02
4.280231705440793594e-02
4.355149362936509144e-02
4.387340738463541001e-02
4.362643690066804469e-02
4.292538951524226681e-02
4.255091056484975459e-02
4.212996254509069477e-02
4.201718445874890601e-02
4.203972987564054409e-02
4.216232999338305476e-02
4.216857046097008399e-02
4.219068093176234907e-02
4.214082715760620462e-02
4.210753596905496970e-02
4.185251442128506277e-02
4.171200233527434797e-02
4.184071972828343894e-02
4.173484624053850484e-02
4.191755200267863885e-02
4.207212437282224771e-02
4.231380386008239819e-02
4.263154685962124851e-02
4.289231404792737123e-02
4.348653623795649403e-02
4.369930598607722066e-02
4.380480249664014253e-02
4.403693653547554460e-02
4.411804346666865773e-02
4.412948421312984371e-02
4.392378008633116698e-02
4.390837523145520171e-02
4.403102288351272431e-02
4.418156032073514150e-02
4.478387000536106916e-02
4.478479187455350341e-02
4.461091617310534302e-02
4.367643939547385945e-02
4.301684586031480351e-02
4.211235782394848193e-02
4.179598491126245569e-02
4.142972455378970270e-02
4.137872141264802711e-02
4.107522974375683172e-02
4.114725834783151265e-02
4.076398110583282636e-02
4.072096369566090973e-02
4.047733785283927355e-02
4.020980312665949075e-02
4.011168777905910893e-02
3.976095752270923656e-02
3.956244159915894149e-02
3.943664342566215175e-02
3.958751314724263948e-02
3.967619430642812389e-02
4.019382916808811324e-02
4.076486757175910858e-02
4.100961302916530937e-02
4.121776245537581845e-02
4.152203144160026421e-02
4.195343947238867888e-02
4.242352973013056167e-02
4.279040650317646188e-02
4.311467554530694357e-02
4.325485009892485189e-02
4.362374932398693783e-02
4.354273275711496166e-02
4.341991590393129430e-02
4.332751210977634632e-02
4.309086337640026521e-02
4.302706055450211675e-02
4.251528609070176490e-02
4.214833551050649330e-02
4.183383161574270176e-02
4.152223203474780105e-02
4.152342361069371462e-02
4.137098374747822521e-02
4.138083116192693700e-02
4.138338120875533627e-02
4.211817538271329930e-02
4.241784805959292193e-02
4.283377589790489381e-02
4.326832428587947671e-02
4.352762080401981204e-02
4.360098248808814275e-02
4.357794342044051666e-02
4.354751540779908114e-02
4.366639260176509441e-02
4.362434364190833497e-02
4.378740810358135171e-02
4.399396756440471928e-02
4.402212368039245399e-02
4.390714042185637350e-02
4.321436585355464127e-02
4.234478592461470015e-02
4.167900700817291776e-02
4.099571415907937028e-02
4.043475044394058415e-02
4.006968904828259875e-02
3.968771405512653422e-02
3.938944674451041322e-02
3.928506038014397544e-02
3.893980437058925520e-02
3.860347310650526220e-02
3.856774353240847997e-02
3.845318627682233620e-02
3.845445822096801858e-02
3.824075741987763982e-02
3.805111089934356400e-02
3.802042295226328028e-02
3.789774374597509876e-02
3.793505259342192654e-02
3.780233553796662899e-02
3.803723086674114934e-02
3.825212323744352910e-02
3.821656843794039859e-02
3.861219050861493252e-02
3.920766461440681333e-02
3.988476573492040489e-02
4.076953374790723283e-02
4.118280755612331590e-02
4.166285557304111320e-02
4.158866484231128757e-02
4.144800253550711550e-02
4.100254487484596144e-02
4.039809506582139192e-02
3.950973204582344800e-02
3.861079448344837545e-02
3.776005833916972615e-02
3.700914540176573203e-02
3.639757312328081862e-02
3.590639456017059861e-02
3.569946359699001370e-02
3.518346300450232028e-02
3.470793730019495343e-02
3.438800365241250628e-02
3.419439094348352554e-02
3.403140517505992557e-02
3.385199470834245050e-02
3.398619420563896154e-02
3.396007223255267937e-02
3.405082396223529928e-02
3.429108413438237274e-02
3.449920679525952938e-02
3.463832632995491462e-02
3.494584663961527310e-02
3.519221786438285482e-02
3.546902920610100346e-02
3.582825631907895353e-02
3.647997844909704745e-02
3.658666137748418229e-02
3.694138862507095195e-02
3.750722680243307600e-02
3.803363716479364609e-02
3.845039523745751725e-02
3.912137448293725311e-02
3.983044256071024275e-02
4.038150297824982110e-02
4.070022744229671169e-02
4.088514656680268533e-02
4.107117828031429246e-02
4.123935243123110633e-02
4.139328867339923945e-02
4.168518403213691825e-02
4.235158596468058950e-02
4.278425610461010498e-02
4.307117499729414684e-02
4.383083543953632949e-02
4.415737445895139696e-02
4.457918380127348645e-02
4.503660939752635733e-02
4.540896503838980081e-02
4.574210819135683670e-02
4.614471198666329071e-02
4.614554074940921402e-02
4.637394919947997879e-02
4.653764897492401742e-02
4.636391101067402487e-02
4.619140092421618327e-02
4.589513002629086458e-02
4.539496808540712663e-02
4.475379753155904472e-02
4.370706178490166294e-02
4.274512929049449628e-02
4.165749539129427054e-02
4.017219344393065106e-02
3.907127456784124930e-02
3.785928130511687778e-02
3.671725889805532023e-02
3.562706864888396524e-02
3.450203685151338046e-02
3.363171136913927634e-02
3.286398580870168729e-02
3.211274757688161591e-02
3.139586268609680098e-02
3.076587762168323664e-02
3.022073509487378448e-02
2.970445203679104862e-02
2.934757575659227916e-02
2.888964268808962357e-02
2.866389759344108862e-02
2.822461857112034886e-02
2.796787233148564922e-02
2.767005942017654319e-02
2.751876484328122374e-02
2.712682118721398625e-02
2.698889300916905432e-02
2.681424600044956738e-02
2.668846919278480834e-02
2.649881681061391769e-02
2.641792473179850609e-02
2.641465890945302389e-02
2.648483137382292782e-02
2.656754134918318244e-02
2.663222002875133276e-02
2.680479329739907796e-02
2.717729916975285265e-02
2.799427939981078903e-02
2.900044456977364515e-02
3.001567667353092703e-02
3.086178200081504328e-02
3.140226170241371129e-02
3.127022053661209638e-02
3.066716574417970020e-02
2.962537247440504354e-02
2.830517417366239588e-02
2.712914367301363927e-02
2.616843775040986544e-02
2.559236202142918526e-02
2.521761634254028606e-02
2.500779932212143092e-02
2.488666353989713032e-02
2.496717897341306849e-02
2.498501832910699286e-02
2.508177590352411723e-02
2.524064672518012281e-02
2.543402481978661658e-02
2.573894634195316930e-02
2.593304942951227612e-02
2.612274468973345767e-02
2.634357036907334151e-02
2.632360658975676018e-02
2.627241136506586541e-02
2.621980732312264792e-02
2.602208346928689547e-02
2.577434318277830455e-02
2.554761783296534416e-02
2.538231032227362613e-02
2.507653356857641666e-02
2.492383292562954517e-02
2.485101034511573437e-02
2.468626034120863233e-02
2.472658489064758283e-02
2.468579720496653224e-02
2.469808413093261407e-02
2.476181193606265263e-02
2.476262111122827861e-02
2.477469557992974941e-02
2.488492137919066927e-02
2.477363335292192062e-02
2.489451154486058831e-02
2.490853518405896153e-02
2.492940243913849968e-02
2.494606665650414903e-02
2.506304663171702446e-02
2.503803286894382141e-02
2.510499818108197917e-02
2.498881465924007728e-02
2.496298759877581958e-02
2.509457165789906463e-02
2.514814574860063656e-02
2.513015179968497090e-02
2.507050225258894774e-02
2.511753478815216892e-02
2.525744154302523789e-02
2.525364434010768031e-02
2.522572440265847746e-02
2.525264742058085446e-02
2.514062908358423096e-02
2.521096205578950838e-02
2.514978032049337148e-02
2.516762987282729000e-02
2.524098385431719493e-02
2.524205535885472307e-02
2.521600061938154835e-02
2.526369349413085802e-02
2.509770907236897122e-02
2.513524637635812867e-02
2.515025882015425179e-02
2.525388665470412047e-02
2.522767303742128042e-02
2.528639893649702736e-02
2.521136536171048048e-02
2.527951947190813786e-02
2.521064670220549142e-02
2.531396855372539459e-02
2.546195538808264380e-02
2.559133511893800852e-02
2.568930024332992737e-02
2.577804490724905015e-02
2.586667347329173194e-02
2.612347044534772678e-02
2.621670628467078629e-02
2.641804548989418189e-02
2.661645110860354560e-02
2.680035499125021925e-02
2.703505186557020670e-02
2.714820999753057157e-02
2.739970229875579935e-02
2.762445945890550092e-02
2.750895183436535135e-02
2.756887009363437682e-02
2.761288708882427001e-02
2.763492101973178197e-02
2.761501154015959941e-02
2.753474197541763355e-02
2.745455057682156738e-02
2.737715164580510618e-02
2.717226812871121472e-02
2.700126780639524465e-02
2.685451330108214879e-02
2.676487071070784637e-02
2.660301081548143917e-02
2.645547978185841184e-02
2.615611227556913915e-02
2.612612096356060551e-02
2.597122069676255363e-02
2.586409422932485838e-02
2.565135072357063034e-02
2.550562188917114559e-02
2.541767322455430744e-02
2.527504516170982554e-02
2.519146709901975978e-02
2.500450634677775855e-02
2.500591294389389527e-02
2.480423685005482548e-02
2.475930265227317684e-02
2.469457773172611600e-02
2.467245603799395406e-02
2.466996495679118356e-02
2.462873551720552376e-02
2.456316784190083757e-02
2.434284094945539378e-02
2.450906757611442249e-02
2.431926139167037496e-02
2.430881528964164845e-02
2.435718954507436196e-02
2.437298773087968190e-02
2.421061465654207601e-02
2.427965916071062047e-02
2.416736987788460286e-02
2.406870061763645777e-02
2.407762039127182147e-02
2.406273670297588707e-02
2.403926971198228069e-02
2.399117394550764545e-02
2.402867839564027178e-02
2.394964776682962163e-02
2.395477193091409204e-02
2.403166530384254901e-02
2.400268160339149096e-02
2.388614553341459820e-02
2.381261861864578111e-02
2.372185109709010198e-02
2.379200861124472141e-02
2.367958780713844136e-02
2.367765910544683203e-02
2.369095078509307964e-02
2.370348562033620585e-02
2.362845799964745711e-02
2.360661601115623953e-02
2.358004377769095869e-02
2.363421661641463764e-02
2.349428163874717548e-02
2.345189784558909460e-02
2.346200600371768988e-02
2.335681457993039195e-02
2.328777900813621543e-02
2.318572009123466907e-02
2.316669677881008291e-02
2.325845322619784356e-02
2.319247729019056903e-02
2.305402813849244739e-02
2.320228107185982186e-02
2.314718213868249483e-02
2.312702381344759403e-02
2.306116986068144567e-02
2.316181174246369212e-02
2.306599905148667626e-02
2.308820557038861188e-02
2.308952711688139550e-02
2.310455303628220630e-02
2.305524036276034375e-02
2.303543188236551950e-02
2.305430749762367795e-02
2.298927490965891815e-02
2.297600709470273492e-02
2.295711009152840917e-02
2.294876215227574512e-02
2.302341234066282438e-02
2.302216603111092649e-02
2.304281746484570376e-02
2.300137462786367576e-02
2.310880093581949013e-02
2.307080175835741001e-02
2.301839140943905820e-02
2.310099093655435323e-02
2.323865289039947837e-02
2.326423663299598960e-02
2.321927412234092020e-02
2.329953533309839925e-02
2.338270381925901253e-02
2.349501246292685225e-02
2.369661506022082559e-02
2.386091373094956919e-02
2.409800892363620980e-02
2.414497465279346125e-02
2.421333936603767972e-02
2.428636822804808998e-02
2.417788654736206452e-02
2.404233918038329101e-02
2.392513769500099335e-02
2.382438750619361029e-02
2.363684095242901337e-02
2.361099274467631098e-02
2.360954399158405465e-02
2.345026723598207796e-02
2.346484040992649969e-02
2.346324693682107568e-02
2.354245677004430937e-02
2.348239326050563514e-02
2.352581882791104917e-02
2.351553681600386525e-02
2.349284013484344985e-02
2.364481304353348995e-02
2.362253753717881086e-02
2.355998979391384432e-02
2.368360301720640396e-02
2.369928941469715000e-02
2.375034583245576661e-02
2.372706474060506943e-02
2.378338701162516222e-02
2.390493158593263306e-02
2.390207596149743902e-02
2.384432219476148584e-02
2.401104841150711322e-02
2.397071382601425812e-02
2.396283317509552424e-02
2.401634475183435022e-02
2.407043795689363733e-02
2.413344935342674052e-02
2.421533444508379082e-02
2.419123421726464621e-02
2.432781639023621351e-02
2.442859019772604737e-02
2.442774852543577735e-02
2.443280876684327668e-02
2.443653687455752191e-02
2.444608594628053591e-02
2.454311893725300009e-02
2.460163969346616797e-02
2.458851377148974296e-02
2.460618171140792690e-02
2.470496629714826961e-02
2.469047739935796917e-02
2.469469349847439738e-02
2.488193922662558163e-02
2.487937043003732307e-02
2.483718362354767409e-02
2.493916393155056616e-02
2.495000966148950075e-02
2.504562468292598557e-02
2.500134739144914409e-02
2.502013630089066493e-02
2.504220870461864451e-02
2.512653747641106425e-02
2.513244412349788237e-02
2.514154730667924123e-02
2.515667000212900087e-02
2.530183647479981174e-02
2.531126968858619236e-02
2.539605466778931814e-02
2.538991191576046164e-02
2.542644122414659119e-02
2.547180261967353990e-02
2.557686392364807645e-02
2.569843046191411240e-02
2.576852705535627799e-02
2.584117521570120438e-02
2.603104868297286337e-02
2.623915627204256862e-02
2.620073098991601221e-02
2.645615726776058205e-02
2.662282879714378964e-02
2.665960370810857918e-02
2.681989911724399697e-02
2.704640386321920109e-02
2.718393367487297735e-02
2.719572299849521216e-02
2.738613397473082731e-02
2.743842412835723055e-02
2.747577820755880279e-02
2.764973479500633727e-02
2.771659373732216977e-02
2.777680840654790304e-02
2.790125953845573950e-02
2.795779147678655388e-02
2.817142522125184317e-02
2.811623420458806560e-02
2.826510616588042910e-02
2.823561839360121464e-02
2.833504261760644988e-02
2.831574568662079128e-02
2.843084339741857106e-02
2.841915448603682393e-02
2.844558531516052508e-02
2.844606840056375027e-02
2.859639576179195258e-02
2.868287278111810237e-02
2.882029679051732393e-02
2.893653797179498999e-02
2.901997719948104168e-02
2.930285100318690689e-02
2.953017908746957340e-02
2.976770692607619631e-02
2.995492872387766140e-02
3.027680731715217885e-02
3.051564284499303642e-02
3.090772741638056487e-02
3.140297419935651063e-02
3.183639921696440611e-02
3.222725229882564268e-02
3.311295920962312178e-02
3.405440577829441789e-02
3.540372988013561206e-02
3.668548943197129375e-02
3.833998947442494171e-02
3.953533030473588977e-02
4.067657310475826515e-02
4.158158805014253862e-02
4.254741770598006317e-02
4.394644985877781129e-02
4.558459727325792077e-02
4.724008593793396771e-02
4.909479556007160378e-02
5.071923661837074437e-02
5.221054418933483710e-02
5.350151625350366841e-02
5.446171738765162584e-02
5.578784410338057109e-02
5.657236321311927274e-02
5.784935873252134569e-02
5.884623030000044053e-02
5.974731299695514031e-02
6.112174235889862584e-02
6.264115296250638565e-02
6.444995035222278457e-02
6.619045003213684664e-02
6.814156224123915639e-02
7.012307102899743849e-02
7.255839179115204651e-02
7.447342301678040732e-02
7.647781066075674816e-02
7.791748134430413752e-02
7.946162708051784929e-02
8.053909281800958331e-02
8.095345266676352847e-02
8.102871946315494400e-02
8.043466735564017145e-02
7.968462286733891953e-02
7.883306048468076421e-02
7.853992623929438588e-02
7.864054608559242765e-02
7.869116477109608376e-02
7.891971134222360018e-02
7.936189103370973330e-02
7.976186363710419114e-02
8.005174051678776159e-02
8.045707156173562136e-02
8.072014947820149722e-02
8.143036379706694583e-02
8.155665919022778154e-02
8.160931922306657871e-02
8.189801562845626381e-02
8.194462596251235464e-02
8.252145595683664514e-02
